#     BLOCK:   ACTUAL_M:     M_AVE:       ERROR:
           1    0.890756    0.890756           0
           2    0.887032    0.888894  0.00131663
           3    0.929484    0.902424    0.011082
           4    0.926208     0.90837  0.00977739
           5    0.945336    0.915763   0.0102426
           6    0.953196    0.922002   0.0102611
           7    0.903168    0.919311  0.00914115
           8    0.976876    0.926507   0.0104537
           9     0.88942    0.922386   0.0100717
          10    0.898188    0.919966   0.0093507
          11    0.937144    0.921528  0.00863005
          12    0.795816    0.911052   0.0127743
          13    0.961116    0.914903   0.0123585
          14    0.940628    0.916741   0.0116116
          15    0.914648    0.916601   0.0108383
          16    0.553156    0.893886   0.0242277
          17    0.927652    0.895872   0.0228838
          18    0.923904    0.897429   0.0216654
          19    0.929144    0.899099   0.0205893
          20     0.92548    0.900418   0.0196021
          21    0.863708     0.89867   0.0187464
          22     0.93232    0.900199   0.0179566
          23    0.942924    0.902057   0.0172717
          24    0.958488    0.904408   0.0167113
          25    0.951872    0.906307   0.0161504
          26    0.935112    0.907414   0.0155671
          27    0.918264    0.907816   0.0149958
          28    0.949996    0.909323   0.0145357
          29    0.941864    0.910445   0.0140777
          30    0.800872    0.906792   0.0140743
          31    0.952296     0.90826   0.0136966
          32     0.93892    0.909218    0.013302
          33     0.94498    0.910302    0.012943
          34    0.856948    0.908733   0.0126571
          35    0.939536    0.909613    0.012326
          36    0.647492    0.902332   0.0139696
          37    0.924576    0.902933    0.013605
          38    0.856308    0.901706   0.0133022
          39    0.896788     0.90158   0.0129617
          40     0.91118     0.90182   0.0126399
          41    0.910676    0.902036   0.0123334
          42    0.956008    0.903321   0.0121065
          43    0.976452    0.905022   0.0119438
          44    0.853384    0.903848   0.0117299
          45    0.873748    0.903179   0.0114883
          46      0.9786    0.904819    0.011355
          47    0.946556    0.905707    0.011148
          48    0.749464    0.902452   0.0113811
          49     0.93632    0.903143   0.0111698
          50    0.963712    0.904354   0.0110119
           1     0.37116     0.37116           0
           2    0.630064    0.500612   0.0915364
           3    0.665732    0.555652   0.0757863
           4     0.42458    0.522884     0.06353
           5      0.6537    0.549047   0.0559526
           6    0.573276    0.553085   0.0467726
           7    0.628588    0.563871   0.0413158
           8    0.741972    0.586134   0.0417203
           9    0.666588    0.595073   0.0380304
          10    0.680576    0.603624   0.0351754
          11    0.436776    0.588456   0.0350959
          12      0.4468    0.576651   0.0340987
          13    0.615068    0.579606   0.0316036
          14     0.64622    0.584364   0.0297022
          15    0.665148     0.58975   0.0282061
          16       0.588    0.589641   0.0264434
          17    0.444692    0.581114   0.0262265
          18     0.44388     0.57349   0.0258539
          19    0.438256    0.566372   0.0254541
          20    0.411372    0.558622   0.0253338
          21    0.486608    0.555193   0.0243584
          22    0.623744    0.558309   0.0234496
          23     0.50574    0.556023   0.0225412
          24    0.599836    0.557849   0.0216758
          25    0.619924    0.560332   0.0209505
          26    0.509452    0.558375   0.0202359
          27     0.59488    0.559727   0.0195315
          28     0.57788    0.560375   0.0188447
          29     0.63424    0.562922   0.0183662
          30    0.664776    0.566318   0.0180651
          31     0.43582    0.562108   0.0179661
          32    0.657936    0.565103   0.0176525
          33     0.62432    0.566897   0.0172085
          34    0.462784    0.563835   0.0169727
          35    0.381448    0.558624   0.0172692
          36    0.617792    0.560267   0.0168675
          37    0.616012    0.561774   0.0164788
          38    0.512224     0.56047   0.0160966
          39    0.478844    0.558377   0.0158194
          40    0.564024    0.558518   0.0154245
          41      0.4697    0.556352   0.0151997
          42    0.437348    0.553519   0.0150996
          43    0.543368    0.553283   0.0147503
          44    0.345992    0.548571   0.0151487
          45    0.661108    0.551072   0.0150171
          46     0.54266    0.550889   0.0146917
          47    0.578412    0.551475   0.0143908
          48    0.528372    0.550994    0.014099
          49    0.611308    0.552224   0.0138649
          50    0.613516     0.55345   0.0136417
           1    0.392264    0.392264           0
           2    0.328412    0.360338   0.0225751
           3    0.229548    0.316741   0.0386473
           4    0.310216     0.31511   0.0290199
           5    0.260556    0.304199   0.0251836
           6     0.19822    0.286536   0.0264654
           7    0.322308    0.291646   0.0231728
           8     0.25588    0.287176    0.020703
           9     0.27226    0.285518   0.0184688
          10    0.338532     0.29082   0.0173662
          11    0.327732    0.294175   0.0161084
          12    0.294608    0.294211    0.014766
          13    0.229988    0.289271    0.014433
          14    0.311852    0.290884   0.0134919
          15    0.319308    0.292779   0.0127248
          16    0.323164    0.294678   0.0120704
          17    0.227268    0.290713    0.011994
          18    0.321832    0.292442   0.0114516
          19    0.249348    0.290173   0.0110712
          20    0.345876    0.292959   0.0108623
          21    0.237656    0.290325   0.0106595
          22    0.210464    0.286695   0.0107754
          23    0.254004    0.285274   0.0104002
          24    0.308892    0.286258   0.0100133
          25    0.268272    0.285538  0.00963859
          26    0.309356    0.286454  0.00931131
          27    0.313256    0.287447   0.0090192
          28    0.260572    0.286487  0.00874801
          29    0.317316     0.28755   0.0085107
          30    0.268028      0.2869  0.00825185
          31    0.274468    0.286499   0.0079954
          32     0.24272    0.285131  0.00786172
          33    0.351888    0.287153  0.00787946
          34    0.296412    0.287426  0.00765241
          35    0.213472    0.285313  0.00771998
          36    0.306012    0.285888  0.00752691
          37    0.221016    0.284134  0.00752492
          38    0.336216    0.285505  0.00745066
          39    0.309796    0.286128  0.00728561
          40    0.242752    0.285044  0.00718371
          41    0.367608    0.287057  0.00728529
          42    0.256492     0.28633  0.00714809
          43    0.293748    0.286502  0.00698393
          44     0.26552    0.286025  0.00684147
          45    0.270768    0.285686  0.00669783
          46    0.307408    0.286158  0.00656885
          47    0.275748    0.285937  0.00643282
          48    0.313004    0.286501  0.00632347
          49      0.3016    0.286809  0.00620193
          50    0.321468    0.287502   0.0061165
           1    0.158148    0.158148           0
           2    0.159232     0.15869 0.000383252
           3    0.158804    0.158728 0.000257378
           4     0.15548    0.157916 0.000729226
           5    0.163524    0.159038  0.00116048
           6    0.098976    0.149027  0.00918911
           7     0.17484    0.152715  0.00858444
           8     0.14472    0.151715  0.00756933
           9    0.240756    0.161609    0.011501
          10    0.148904    0.160338   0.0104209
          11    0.105144    0.155321    0.010613
          12    0.142772    0.154275  0.00977996
          13    0.189476    0.156983  0.00939503
          14    0.155908    0.156906  0.00872427
          15    0.107608    0.153619  0.00873979
          16    0.164168    0.154279  0.00821839
          17    0.185712    0.156128  0.00794023
          18    0.129096    0.154626   0.0076398
          19    0.213232    0.157711  0.00783568
          20    0.158308     0.15774  0.00744396
          21    0.176276    0.158623  0.00714162
          22    0.199512    0.160482   0.0070547
          23    0.163928    0.160631  0.00674957
          24    0.155496    0.160417  0.00647173
          25    0.127724     0.15911  0.00634361
          26     0.17298    0.159643  0.00612201
          27    0.196368    0.161003  0.00604449
          28    0.217352    0.163016  0.00615451
          29    0.205108    0.164467  0.00611104
          30     0.16276     0.16441  0.00590761
          31    0.152796    0.164036  0.00572891
          32    0.235996    0.166284  0.00597495
          33    0.171012    0.166428  0.00579561
          34    0.168684    0.166494  0.00562553
          35    0.164128    0.166427  0.00546521
          36    0.168436    0.166482  0.00531368
          37     0.21368    0.167758  0.00532098
          38    0.162932    0.167631  0.00518247
          39    0.164528    0.167551  0.00505019
          40    0.212248    0.168669  0.00504605
          41    0.144828    0.168087  0.00495636
          42    0.160248    0.167901  0.00484187
          43    0.203824    0.168736   0.0048008
          44     0.19386    0.169307  0.00472552
          45     0.18406    0.169635  0.00463187
          46    0.167316    0.169585  0.00453145
          47    0.191288    0.170046   0.0044585
          48    0.233112     0.17136   0.0045551
          49    0.134912    0.170616  0.00452246
          50     0.14244    0.170053  0.00446698
           1     0.11688     0.11688           0
           2    0.107168    0.112024  0.00343371
           3     0.12286    0.115636  0.00373334
           4    0.085028    0.107984  0.00719409
           5    0.127208    0.111829  0.00670441
           6    0.113116    0.112043  0.00559044
           7    0.097968    0.110033  0.00514072
           8     0.12006    0.111286  0.00464842
           9    0.118112    0.112044  0.00419335
          10    0.123192    0.113159  0.00391939
          11    0.070168    0.109251  0.00515574
          12    0.127868    0.110802  0.00495402
          13    0.124012    0.111818  0.00467599
          14    0.097976     0.11083   0.0044453
          15    0.101464    0.110205  0.00419257
          16    0.132752    0.111615  0.00416061
          17     0.11038    0.111542  0.00391651
          18      0.1165    0.111817   0.0037086
          19    0.099636    0.111176  0.00356839
          20     0.12162    0.111698  0.00342797
          21    0.084744    0.110415  0.00349679
          22    0.102324    0.110047  0.00335712
          23    0.116144    0.110312  0.00322161
          24    0.101336    0.109938  0.00310901
          25     0.12298     0.11046   0.0030281
          26    0.124268    0.110991  0.00295784
          27       0.104    0.110732   0.0028596
          28    0.089652    0.109979  0.00285486
          29    0.099436    0.109616  0.00277947
          30    0.115356    0.109807   0.0026934
          31     0.11678    0.110032  0.00261589
          32    0.069304    0.108759  0.00282686
          33    0.080608    0.107906  0.00286702
          34    0.128352    0.108507  0.00284507
          35    0.130824    0.109145  0.00283433
          36    0.099948     0.10889  0.00276709
          37    0.084112     0.10822  0.00277215
          38    0.141412    0.109093  0.00283347
          39    0.135824    0.109779  0.00284251
          40    0.127716    0.110227  0.00280659
          41    0.099244    0.109959  0.00275089
          42    0.110268    0.109967  0.00268541
          43    0.078496    0.109235  0.00272086
          44    0.121204    0.109507  0.00267259
          45    0.163472    0.110706  0.00286966
          46    0.141108    0.111367  0.00288238
          47    0.107028    0.111275  0.00282253
          48    0.082236     0.11067  0.00282782
          49    0.096192    0.110374   0.0027855
          50    0.132288    0.110812  0.00276406
           1    0.059308    0.059308           0
           2    0.080256    0.069782  0.00740624
           3    0.093328   0.0776307   0.0080899
           4    0.079624    0.078129  0.00608276
           5    0.069752   0.0764536  0.00509171
           6     0.10982   0.0820147  0.00661627
           7    0.080388   0.0817823  0.00567517
           8     0.08572   0.0822745  0.00498707
           9     0.08084   0.0821151   0.0044355
          10    0.068696   0.0807732  0.00419003
          11    0.064248   0.0792709  0.00406953
          12    0.105568   0.0814623  0.00427996
          13    0.091988    0.082272  0.00402659
          14    0.083288   0.0823446  0.00373963
          15      0.1113   0.0842749   0.0039573
          16     0.09034    0.084654  0.00372808
          17    0.108196   0.0860388  0.00375719
          18    0.068576   0.0850687  0.00367157
          19    0.064028   0.0839613  0.00364151
          20    0.072644   0.0833954  0.00350312
          21    0.074484    0.082971  0.00336191
          22    0.085172   0.0830711  0.00321059
          23    0.108308   0.0841683   0.0032531
          24    0.059876   0.0831562  0.00327123
          25    0.079432   0.0830072  0.00314377
          26    0.077348   0.0827895  0.00303038
          27    0.096336   0.0832913  0.00295939
          28       0.095   0.0837094  0.00288309
          29    0.093776   0.0840566  0.00280449
          30    0.042524   0.0826721  0.00303353
          31    0.081716   0.0826413  0.00293583
          32    0.058292   0.0818804  0.00294104
          33     0.05112   0.0809482  0.00299599
          34    0.078496   0.0808761  0.00290874
          35    0.061896   0.0803338  0.00287574
          36    0.076556   0.0802289  0.00279777
          37    0.075996   0.0801145   0.0027245
          38    0.070928   0.0798727   0.0026635
          39      0.0759   0.0797709  0.00259716
          40    0.066268   0.0794333  0.00255407
          41    0.092072   0.0797416  0.00251031
          42    0.085168   0.0798708  0.00245386
          43    0.110928    0.080593  0.00250083
          44    0.067012   0.0802844  0.00246297
          45    0.099732   0.0807165  0.00244586
          46    0.098116   0.0810948  0.00242176
          47     0.06636   0.0807813  0.00239044
          48     0.09044   0.0809825  0.00234909
          49    0.077736   0.0809162  0.00230209
          50    0.093248   0.0811629  0.00226922
           1    0.070736    0.070736           0
           2    0.065924     0.06833   0.0017013
           3    0.079312   0.0719907  0.00319688
           4    0.066976    0.070737  0.00263202
           5     0.05642   0.0678736  0.00331555
           6    0.048504   0.0646453  0.00403964
           7    0.043404   0.0616109  0.00445891
           8    0.054268    0.060693   0.0039949
           9    0.034972   0.0578351  0.00445755
          10     0.06746   0.0587976   0.0041144
          11    0.037272   0.0568407  0.00417989
          12    0.067064   0.0576927  0.00391743
          13    0.064656   0.0582283  0.00365252
          14    0.040436   0.0569574  0.00360596
          15    0.038976   0.0557587  0.00355924
          16    0.049004   0.0553365  0.00336173
          17    0.058372   0.0555151  0.00316872
          18    0.052464   0.0553456  0.00299721
          19    0.055032   0.0553291  0.00283951
          20    0.062256   0.0556754  0.00271858
          21    0.066708   0.0562008   0.0026394
          22    0.072112    0.056924  0.00261664
          23    0.042936   0.0563158  0.00257258
          24    0.049772   0.0560432  0.00247979
          25    0.058488    0.056141  0.00238253
          26    0.046544   0.0557718  0.00231931
          27    0.064836   0.0561076  0.00225757
          28    0.071244   0.0566481  0.00224074
          29    0.043836   0.0562063  0.00220659
          30    0.065136    0.056504  0.00215302
          31    0.060644   0.0566375  0.00208771
          32    0.051236   0.0564688  0.00202928
          33    0.060416   0.0565884  0.00197131
          34    0.042364     0.05617  0.00195722
          35     0.05332   0.0560886  0.00190299
          36     0.05186   0.0559711  0.00185375
          37    0.060492   0.0560933  0.00180767
          38    0.066284   0.0563615  0.00177988
          39    0.075076   0.0568413  0.00179777
          40    0.055084   0.0567974  0.00175336
          41    0.046104   0.0565366  0.00172989
          42     0.07008    0.056859  0.00171849
          43    0.052124   0.0567489  0.00168205
          44     0.04466   0.0564742  0.00166611
          45    0.046168   0.0562452  0.00164475
          46    0.036336   0.0558123  0.00166497
          47    0.041736   0.0555129  0.00165626
          48    0.052664   0.0554535  0.00162282
          49    0.045584   0.0552521  0.00160215
          50    0.042268   0.0549924  0.00159101
           1    0.062108    0.062108           0
           2    0.047972     0.05504  0.00499783
           3    0.062576    0.057552  0.00391257
           4     0.05264    0.056324   0.0031212
           5     0.04156   0.0533712  0.00363456
           6    0.020704   0.0479267  0.00582032
           7     0.05456   0.0488743   0.0050654
           8    0.037968    0.047511  0.00461203
           9    0.025144   0.0450258  0.00472193
          10    0.051372   0.0456604  0.00429217
          11    0.049864   0.0460425  0.00391895
          12    0.060448    0.047243  0.00377175
          13    0.016816   0.0449025  0.00414468
          14    0.050336   0.0452906  0.00386676
          15    0.045128   0.0452797  0.00360899
          16    0.049852   0.0455655  0.00339473
          17    0.031564   0.0447419  0.00329343
          18    0.052972   0.0451991  0.00314204
          19    0.066372   0.0463135  0.00316813
          20     0.03192   0.0455938  0.00309038
          21    0.054612   0.0460232  0.00297291
          22    0.042292   0.0458536  0.00284261
          23    0.050748   0.0460664  0.00272697
          24    0.054824   0.0464313  0.00263765
          25    0.049484   0.0465534  0.00253497
          26    0.044676   0.0464812   0.0024385
          27    0.058128   0.0469126  0.00238603
          28    0.053848   0.0471603  0.00231363
          29    0.052816   0.0473553  0.00224206
          30    0.058764   0.0477356  0.00219934
          31    0.047044   0.0477133  0.00212851
          32    0.070384   0.0484217   0.0021767
          33    0.050876   0.0484961  0.00211201
          34    0.047516   0.0484673  0.00205009
          35    0.041868   0.0482787  0.00200017
          36    0.068928   0.0488523  0.00202518
          37    0.038596   0.0485751  0.00198933
          38    0.042604    0.048418  0.00194317
          39    0.035292   0.0480814  0.00192228
          40    0.036884   0.0478015  0.00189449
          41     0.03408   0.0474668  0.00187761
          42    0.051932   0.0475731  0.00183591
          43    0.063196   0.0479365  0.00182882
          44     0.05082    0.048002  0.00178843
          45     0.04174   0.0478628  0.00175409
          46    0.057956   0.0480823  0.00172963
          47     0.04382   0.0479916   0.0016952
          48    0.054076   0.0481183  0.00166462
          49    0.049732   0.0481513  0.00163097
          50    0.039532   0.0479789  0.00160743
           1    0.038576    0.038576           0
           2    0.046256    0.042416  0.00271529
           3    0.019164   0.0346653   0.0065822
           4    0.035268    0.034816  0.00493837
           5     0.03618   0.0350888  0.00395823
           6    0.034208    0.034942  0.00330124
           7    0.048376   0.0368611  0.00334123
           8    0.042852     0.03761  0.00300632
           9     0.05004   0.0389911  0.00297265
          10    0.040632   0.0391552  0.00267991
          11    0.037736   0.0390262  0.00243938
          12     0.03902   0.0390257   0.0022361
          13    0.049928   0.0398643  0.00221579
          14    0.036924   0.0396543  0.00206744
          15    0.029008   0.0389445  0.00204782
          16    0.021356   0.0378452  0.00219514
          17      0.0273   0.0372249  0.00215188
          18    0.042096   0.0374956  0.00204927
          19     0.03444   0.0373347  0.00194772
          20    0.037356   0.0373358  0.00185033
          21    0.042156   0.0375653   0.0017764
          22    0.051588   0.0382027  0.00180639
          23    0.029324   0.0378167  0.00176862
          24    0.029608   0.0374747  0.00172768
          25    0.038436   0.0375131    0.001659
          26    0.033356   0.0373532  0.00160288
          27    0.048704   0.0377736   0.0015977
          28     0.02494   0.0373153  0.00160503
          29    0.049356   0.0377305  0.00160249
          30     0.05158   0.0381921   0.0016142
          31    0.030128    0.037932  0.00158295
          32    0.058752   0.0385826  0.00166183
          33    0.037076    0.038537  0.00161209
          34    0.054888   0.0390179  0.00163484
          35    0.035296   0.0389115  0.00159158
          36    0.029864   0.0386602  0.00156709
          37    0.045136   0.0388352  0.00153448
          38    0.033072   0.0386836  0.00150157
          39    0.048368   0.0389319  0.00148346
          40    0.041652   0.0389999  0.00144793
          41     0.05166   0.0393087  0.00144517
          42    0.028364   0.0390481  0.00143406
          43    0.042712   0.0391333  0.00140324
          44    0.031184   0.0389526  0.00138293
          45     0.04232   0.0390275  0.00135422
          46    0.037124   0.0389861  0.00132541
          47    0.037764   0.0389601  0.00129747
          48    0.045624   0.0390989  0.00127784
          49    0.047696   0.0392744  0.00126375
          50    0.040392   0.0392967  0.00123868
           1    0.028772    0.028772           0
           2    0.027932    0.028352 0.000296985
           3    0.021476     0.02606  0.00188185
           4    0.025472    0.025913  0.00141712
           5    0.034288    0.027588  0.00187877
           6    0.042052   0.0299987  0.00270074
           7      0.0362   0.0308846  0.00245592
           8    0.035808      0.0315  0.00222471
           9    0.031892   0.0315436  0.00197794
          10     0.03792   0.0321812  0.00188012
          11    0.024192   0.0314549  0.00184416
          12    0.052092   0.0331747  0.00235983
          13     0.02254   0.0323566  0.00231576
          14     0.04174   0.0330269  0.00224525
          15     0.03444   0.0331211  0.00209754
          16     0.03224    0.033066  0.00196717
          17    0.032296   0.0330207  0.00185197
          18    0.033208   0.0330311  0.00174912
          19    0.039128    0.033352  0.00168624
          20     0.03564   0.0334664   0.0016058
          21     0.03706   0.0336375  0.00153842
          22    0.022512   0.0331318  0.00154938
          23    0.038848   0.0333803  0.00150182
          24    0.025696   0.0330602  0.00147298
          25     0.03214   0.0330234  0.00141452
          26    0.037472   0.0331945  0.00137042
          27    0.028692   0.0330277  0.00132978
          28    0.037564   0.0331897  0.00129212
          29     0.03846   0.0333714  0.00126027
          30     0.04572   0.0337831  0.00128373
          31    0.031056   0.0336951  0.00124533
          32    0.026976   0.0334851  0.00122398
          33      0.0371   0.0335947  0.00119178
          34    0.038556   0.0337406  0.00116563
          35    0.027576   0.0335645  0.00114556
          36    0.028004     0.03341   0.0011241
          37    0.018588   0.0330094  0.00116291
          38    0.031144   0.0329603  0.00113334
          39    0.042232   0.0331981  0.00112894
          40    0.032664   0.0331847   0.0011008
          41    0.035604   0.0332437  0.00107553
          42    0.019884   0.0329256  0.00109595
          43    0.024036   0.0327189  0.00108979
          44    0.039036   0.0328625  0.00107443
          45     0.04038   0.0330295  0.00106347
          46    0.018704   0.0327181  0.00108499
          47     0.03664   0.0328015  0.00106511
          48    0.033932   0.0328251  0.00104318
          49    0.030316   0.0327739  0.00102314
          50     0.03702   0.0328588   0.0010062
           1    0.019484    0.019484           0
           2    0.022504    0.020994  0.00106773
           3     0.02718    0.023056  0.00182791
           4    0.034976    0.026036  0.00292229
           5    0.027652   0.0263592  0.00235563
           6    0.022292   0.0256813  0.00205825
           7    0.023764   0.0254074  0.00178235
           8    0.018912   0.0245955  0.00173466
           9    0.031032   0.0253107   0.0016829
          10    0.018828   0.0246624   0.0016347
          11    0.039828   0.0260411  0.00198405
          12    0.018468     0.02541  0.00191646
          13    0.027452   0.0255671  0.00177546
          14     0.01632   0.0249066  0.00176724
          15    0.023088   0.0247853  0.00165358
          16    0.030532   0.0251445  0.00158876
          17    0.020144   0.0248504  0.00152229
          18    0.024424   0.0248267   0.0014379
          19    0.021884   0.0246718  0.00137054
          20    0.025212   0.0246988  0.00130228
          21     0.02468   0.0246979  0.00124026
          22    0.027576   0.0248287  0.00119077
          23    0.032504   0.0251624  0.00118483
          24    0.031076   0.0254088   0.0011608
          25    0.028788    0.025544  0.00112221
          26    0.032652   0.0258174  0.00111185
          27    0.018636   0.0255514  0.00110203
          28    0.018088   0.0252849  0.00109443
          29    0.026072    0.025312  0.00105703
          30    0.030768   0.0254939  0.00103732
          31    0.020316   0.0253268  0.00101722
          32    0.036256   0.0256684  0.00104119
          33    0.027928   0.0257368  0.00101188
          34    0.029032   0.0258338 0.000986754
          35      0.0173   0.0255899 0.000988226
          36    0.025552   0.0255889 0.000960775
          37    0.038952   0.0259501  0.00100039
          38    0.022116   0.0258492  0.00097914
          39     0.02286   0.0257725 0.000957029
          40    0.037948   0.0260769 0.000980314
          41     0.02318   0.0260062 0.000958947
          42    0.034428   0.0262068  0.00095685
          43     0.03958   0.0265178 0.000983843
          44      0.0287   0.0265674 0.000962732
          45    0.014876   0.0263076 0.000975765
          46     0.02934   0.0263735 0.000956777
          47    0.039436   0.0266514 0.000975952
          48    0.041324   0.0269571  0.00100235
          49    0.038692   0.0271966   0.0010101
          50    0.024132   0.0271353 0.000991753
