#     BLOCK:   ACTUAL_CV:    CV_AVE:      ERROR:
           1    0.264013    0.264013           0
           2    0.153815    0.208914   0.0389608
           3      0.1683    0.195376   0.0282282
           4    0.223662    0.202447   0.0220391
           5    0.226232    0.207204   0.0181374
           6    0.246861    0.213814   0.0162743
           7    0.243891    0.218111   0.0145055
           8    0.190131    0.214613   0.0131072
           9    0.166799      0.2093   0.0126819
          10    0.222776    0.210648    0.011485
          11     0.19266    0.209013   0.0105567
          12    0.211533    0.209223  0.00967908
          13    0.217308    0.209845   0.0089545
          14     0.25964    0.213402   0.0089936
          15    0.183265    0.211393  0.00861551
          16    0.187361    0.209891  0.00820691
          17    0.215588    0.210226  0.00773099
          18    0.155412    0.207181  0.00787844
          19    0.171658    0.205311  0.00768241
          20    0.148045    0.202448  0.00781368
          21    0.164552    0.200643  0.00764715
          22    0.171131    0.199302  0.00741628
          23    0.155848    0.197412  0.00733053
          24    0.234419    0.198954  0.00718543
          25    0.217825    0.199709  0.00693755
          26    0.209971    0.200104  0.00668194
          27    0.169928    0.198986  0.00652726
          28      0.2865    0.202112  0.00700258
          29    0.198856    0.201999  0.00676201
          30    0.113966    0.199065  0.00714501
          31    0.177884    0.198382  0.00694712
          32    0.150216    0.196876  0.00689115
          33    0.120059    0.194549  0.00706456
          34    0.170368    0.193837  0.00689248
          35    0.288829    0.196552  0.00721014
          36    0.221588    0.197247  0.00704332
          37    0.164378    0.196359  0.00690875
          38     0.20351    0.196547  0.00672951
          39    0.219633    0.197139  0.00658294
          40    0.222669    0.197777  0.00644923
          41    0.186516    0.197502  0.00629778
          42    0.193162    0.197399  0.00614868
          43    0.201303     0.19749  0.00600636
          44    0.204774    0.197655  0.00587213
          45    0.168253    0.197002  0.00577787
          46    0.241649    0.197973  0.00573321
          47    0.162253    0.197213  0.00566137
          48    0.175759    0.196766  0.00556104
          49    0.224983    0.197342  0.00547729
          50    0.273198    0.198859  0.00557389
           1    0.386318    0.386318           0
           2    0.381231    0.383774  0.00179841
           3    0.353583    0.373711  0.00830405
           4    0.378838    0.374992  0.00632619
           5     0.39028     0.37805   0.0057526
           6    0.366147    0.376066  0.00512451
           7       0.372    0.375485  0.00442524
           8    0.390886     0.37741  0.00427035
           9    0.368328    0.376401  0.00391329
          10     0.37206    0.375967  0.00354596
          11    0.412581    0.379296  0.00452367
          12     0.39032    0.380214  0.00423896
          13    0.409488    0.382466  0.00447116
          14    0.380652    0.382337  0.00415367
          15    0.370358    0.381538  0.00395278
          16    0.375499    0.381161  0.00372371
          17    0.381831      0.3812  0.00350488
          18    0.374839    0.380847  0.00332793
          19    0.370346    0.380294  0.00319834
          20    0.352938    0.378926  0.00331804
          21     0.39713    0.379793  0.00327131
          22    0.379783    0.379792  0.00312262
          23    0.395364    0.380469  0.00305937
          24    0.393371    0.381007  0.00297874
          25    0.375029    0.380768  0.00286917
          26    0.347151    0.379475   0.0030362
          27     0.37971    0.379484  0.00292376
          28    0.372248    0.379225  0.00283074
          29    0.383473    0.379372  0.00273691
          30    0.402932    0.380157  0.00275605
          31    0.363269    0.379612  0.00272046
          32    0.359615    0.378987  0.00270627
          33     0.39108    0.379354  0.00264896
          34    0.363056    0.378874  0.00261405
          35    0.368322    0.378573  0.00255669
          36    0.384439    0.378736  0.00249086
          37    0.365426    0.378376  0.00244938
          38    0.380895    0.378442  0.00238582
          39    0.396715    0.378911   0.0023702
          40    0.383449    0.379024  0.00231366
          41    0.387945    0.379242  0.00226744
          42    0.374072    0.379119  0.00221679
          43    0.378295      0.3791  0.00216532
          44    0.401753    0.379615  0.00217646
          45    0.396258    0.379984  0.00215929
          46    0.388632    0.380172  0.00212051
          47    0.359345    0.379729  0.00212119
          48    0.398057    0.380111  0.00211109
          49     0.40438    0.380606  0.00212531
          50    0.387514    0.380745  0.00208729
           1    0.433418    0.433418           0
           2    0.442802     0.43811  0.00331775
           3     0.43109     0.43577  0.00292277
           4    0.421852     0.43229  0.00372631
           5    0.421042    0.430041  0.00359661
           6    0.435652    0.430976  0.00311639
           7    0.426806     0.43038  0.00272753
           8    0.418652    0.428914  0.00275253
           9    0.426986      0.4287  0.00245502
          10     0.43689    0.429519  0.00234214
          11    0.432412    0.429782  0.00214394
          12    0.437572    0.430431  0.00206122
          13    0.414106    0.429175  0.00225295
          14    0.430458    0.429267  0.00209389
          15    0.432582    0.429488  0.00196593
          16     0.43391    0.429764  0.00186238
          17      0.4324    0.429919  0.00175927
          18    0.423654    0.429571  0.00169562
          19    0.429556    0.429571  0.00160637
          20     0.43088    0.429636  0.00152739
          21     0.44566    0.430399  0.00163418
          22    0.427374    0.430262  0.00156567
          23    0.433764    0.430414  0.00150499
          24    0.416074    0.429816  0.00155637
          25    0.423752    0.429574   0.0015129
          26     0.42946    0.429569  0.00145472
          27     0.41353    0.428975  0.00151729
          28    0.427728    0.428931  0.00146376
          29    0.430022    0.428968  0.00141377
          30    0.419972    0.428669  0.00139809
          31    0.424968    0.428549  0.00135807
          32    0.432412     0.42867  0.00132099
          33    0.416428    0.428299  0.00133203
          34    0.434836    0.428491  0.00130665
          35    0.425542    0.428407  0.00127203
          36    0.419798    0.428168  0.00125898
          37    0.440444      0.4285  0.00126792
          38     0.43851    0.428763  0.00126162
          39    0.430688    0.428812  0.00123024
          40    0.439368    0.429076  0.00122746
          41    0.417524    0.428794  0.00122943
          42    0.431332    0.428855  0.00120164
          43    0.433788     0.42897  0.00117916
          44    0.431908    0.429036  0.00115425
          45    0.437622    0.429227  0.00114426
          46     0.42906    0.429224  0.00111939
          47    0.433558    0.429316  0.00109937
          48    0.429822    0.429326  0.00107652
          49    0.433874    0.429419  0.00105854
          50    0.430748    0.429446   0.0010377
           1    0.420711    0.420711           0
           2    0.425047    0.422879   0.0015329
           3    0.419809    0.421855  0.00132001
           4    0.420407    0.421493  0.00103846
           5    0.422399    0.421674 0.000846406
           6    0.419694    0.421344 0.000767005
           7    0.428367    0.422348  0.00113792
           8    0.421282    0.422214  0.00100344
           9     0.42735    0.422785  0.00104162
          10    0.416385    0.422145   0.0011169
          11    0.423987    0.422312  0.00102784
          12     0.41596    0.421783  0.00106987
          13    0.416369    0.421367  0.00106554
          14    0.415096    0.420919  0.00107948
          15    0.417199    0.420671   0.0010356
          16    0.420833    0.420681 0.000970925
          17     0.41961    0.420618 0.000915852
          18    0.415799     0.42035 0.000903248
          19    0.417894    0.420221 0.000864909
          20    0.419311    0.420175 0.000822859
          21    0.425194    0.420414 0.000817643
          22    0.413802    0.420114 0.000833887
          23    0.415843    0.419928 0.000818042
          24    0.418104    0.419852  0.00078748
          25    0.419193    0.419826 0.000756421
          26    0.427355    0.420115 0.000780801
          27    0.413191    0.419859 0.000792882
          28    0.420643    0.419887 0.000765058
          29    0.419997    0.419891 0.000738686
          30      0.4133    0.419671 0.000746015
          31    0.413004    0.419456 0.000752313
          32    0.426107    0.419664 0.000756973
          33     0.42066    0.419694 0.000734636
          34    0.419351    0.419684 0.000713098
          35    0.414791    0.419544 0.000706295
          36    0.426753    0.419744 0.000714496
          37    0.421732    0.419798 0.000697202
          38    0.421472    0.419842 0.000680246
          39    0.414509    0.419705  0.00067641
          40    0.417439    0.419649 0.000661869
          41    0.419956    0.419656 0.000645769
          42    0.415679    0.419562 0.000637299
          43    0.417955    0.419524 0.000623572
          44    0.424227    0.419631 0.000618492
          45    0.419595     0.41963 0.000604748
          46    0.416201    0.419556 0.000596179
          47    0.424537    0.419662 0.000592842
          48    0.421857    0.419707 0.000582252
          49    0.427324    0.419863 0.000590755
          50    0.415004    0.419766 0.000586879
           1    0.386928    0.386928           0
           2    0.392833    0.389881  0.00208771
           3    0.388833    0.389532  0.00142069
           4    0.384179    0.388193  0.00157429
           5    0.389005    0.388356  0.00126776
           6    0.393302     0.38918  0.00129708
           7     0.39195    0.389576  0.00117058
           8    0.392638    0.389958  0.00108506
           9    0.390103    0.389975 0.000964618
          10    0.389836    0.389961 0.000868256
          11     0.39087    0.390043 0.000793246
          12    0.391968    0.390204 0.000743176
          13    0.392322    0.390367 0.000703648
          14      0.3937    0.390605 0.000692511
          15    0.389899    0.390558 0.000647942
          16    0.387149    0.390345  0.00064151
          17    0.388494    0.390236 0.000612944
          18    0.384705    0.389928 0.000651381
          19    0.390614    0.389965 0.000618096
          20     0.38663    0.389798 0.000609265
          21    0.389161    0.389768 0.000581006
          22    0.390716    0.389811 0.000556195
          23    0.386454    0.389665 0.000550825
          24     0.38757    0.389577 0.000534742
          25    0.388246    0.389524 0.000515997
          26    0.385971    0.389388 0.000513932
          27     0.38845    0.389353 0.000496068
          28     0.38024    0.389027 0.000575283
          29    0.388025    0.388993 0.000556483
          30    0.386512     0.38891 0.000544041
          31     0.38855    0.388898 0.000526615
          32    0.386483    0.388823 0.000515541
          33    0.387568    0.388785 0.000501319
          34    0.391941    0.388878 0.000495095
          35    0.387614    0.388842 0.000482265
          36    0.388649    0.388836 0.000468898
          37    0.391171    0.388899 0.000460452
          38    0.392111    0.388984 0.000456023
          39     0.38957    0.388999 0.000444577
          40    0.385569    0.388913 0.000441656
          41    0.386302     0.38885 0.000435452
          42    0.387025    0.388806 0.000427244
          43    0.390068    0.388835 0.000418315
          44     0.39052    0.388874 0.000410555
          45    0.392085    0.388945 0.000407587
          46    0.393621    0.389047 0.000411208
          47    0.388591    0.389037 0.000402573
          48    0.385182    0.388957 0.000402119
          49     0.38863     0.38895 0.000393968
          50    0.389373    0.388959 0.000386179
           1     0.34865     0.34865           0
           2    0.349135    0.348892 0.000171462
           3    0.352759    0.350181  0.00105855
           4    0.348049    0.349648 0.000918331
           5    0.351229    0.349964 0.000787186
           6    0.351889    0.350285 0.000718377
           7    0.349529    0.350177 0.000623823
           8    0.353223    0.350558 0.000651735
           9    0.350713    0.350575 0.000579547
          10    0.353054    0.350823 0.000572157
          11    0.351194    0.350857 0.000521138
          12    0.350824    0.350854 0.000477717
          13     0.34854    0.350676 0.000472966
          14    0.350085    0.350634 0.000441061
          15    0.351647    0.350701 0.000416801
          16    0.349183    0.350606 0.000401406
          17    0.348942    0.350509 0.000389558
          18    0.351963    0.350589   0.0003762
          19    0.350286    0.350573 0.000356739
          20    0.348155    0.350452 0.000358808
          21    0.350842    0.350471 0.000342201
          22    0.349595    0.350431 0.000328954
          23    0.350066    0.350415 0.000315034
          24    0.353646     0.35055 0.000329417
          25    0.351652    0.350594 0.000319178
          26    0.352629    0.350672  0.00031635
          27    0.352369    0.350735 0.000310813
          28    0.349631    0.350696 0.000302202
          29    0.351897    0.350737 0.000294608
          30    0.350701    0.350736  0.00028479
          31    0.352304    0.350787 0.000280061
          32    0.348885    0.350727 0.000277542
          33    0.350917    0.350733 0.000269191
          34    0.348603     0.35067 0.000268463
          35    0.353141    0.350741 0.000269912
          36    0.351126    0.350752 0.000262627
          37    0.349744    0.350724 0.000256938
          38    0.350493    0.350718 0.000250249
          39    0.350017      0.3507 0.000244477
          40    0.350893    0.350705 0.000238412
          41    0.354463    0.350797 0.000249595
          42    0.350006    0.350778  0.00024436
          43    0.351542    0.350796 0.000239322
          44     0.34809    0.350734 0.000241651
          45    0.351455     0.35075 0.000236812
          46    0.347787    0.350686 0.000240263
          47    0.352212    0.350718 0.000237335
          48    0.351586    0.350736 0.000233078
          49    0.352348    0.350769  0.00023063
          50     0.35564    0.350867 0.000245732
           1    0.312168    0.312168           0
           2    0.310186    0.311177 0.000700988
           3    0.312334    0.311563 0.000563453
           4    0.311278    0.311491 0.000427069
           5    0.310941    0.311381 0.000355541
           6    0.310663    0.311262 0.000315794
           7    0.312477    0.311435 0.000314789
           8    0.311274    0.311415 0.000276082
           9    0.311946    0.311474 0.000251637
          10     0.31222    0.311549  0.00023727
          11    0.313078    0.311688 0.000253151
          12    0.312012    0.311715 0.000233496
          13    0.311559    0.311703 0.000215844
          14    0.313317    0.311818  0.00022917
          15    0.311699     0.31181 0.000214029
          16    0.312179    0.311833  0.00020189
          17    0.311662    0.311823 0.000190264
          18     0.31107    0.311781 0.000184237
          19    0.313007    0.311846  0.00018549
          20    0.311024    0.311805 0.000180707
          21    0.311811    0.311805 0.000172102
          22    0.313669     0.31189  0.00018396
          23     0.31273    0.311926 0.000179553
          24     0.31115    0.311894 0.000174958
          25    0.311925    0.311895 0.000167964
          26    0.310563    0.311844 0.000169144
          27    0.311751    0.311841 0.000162914
          28    0.312287    0.311856 0.000157873
          29    0.311952     0.31186 0.000152463
          30    0.310966     0.31183 0.000150267
          31    0.311507     0.31182  0.00014578
          32    0.310339    0.311773 0.000148389
          33    0.312572    0.311797 0.000145853
          34    0.312005    0.311804  0.00014169
          35    0.312324    0.311818  0.00013842
          36    0.312762    0.311845 0.000137035
          37    0.312833    0.311871 0.000135908
          38    0.311352    0.311858 0.000133016
          39    0.312246    0.311868 0.000129978
          40     0.31347    0.311908 0.000132758
          41    0.310179    0.311866 0.000136054
          42    0.311454    0.311856 0.000133167
          43    0.312246    0.311865 0.000130379
          44     0.31047    0.311833 0.000131214
          45    0.313437    0.311869 0.000133053
          46    0.312835     0.31189 0.000131809
          47    0.313759     0.31193 0.000134874
          48    0.313447    0.311961 0.000135716
          49    0.310785    0.311937 0.000135053
          50    0.312639    0.311951 0.000133079
           1    0.276818    0.276818           0
           2    0.275324    0.276071 0.000528365
           3     0.27586    0.276001 0.000356882
           4    0.275195    0.275799 0.000319512
           5    0.276368    0.275913 0.000275078
           6    0.274818    0.275731 0.000283354
           7     0.27798    0.276052 0.000384036
           8    0.275704    0.276008 0.000338488
           9    0.277067    0.276126  0.00032067
          10    0.275308    0.276044 0.000298844
          11    0.276289    0.276066 0.000272501
          12    0.278122    0.276238  0.00029882
          13    0.278516    0.276413 0.000323174
          14    0.276737    0.276436 0.000300919
          15    0.275914    0.276401 0.000282867
          16    0.274869    0.276306 0.000280936
          17    0.275519    0.276259  0.00026819
          18    0.276402    0.276267 0.000253407
          19    0.275372     0.27622 0.000244407
          20     0.27612    0.276215 0.000232238
          21    0.274638     0.27614 0.000233011
          22       0.277    0.276179 0.000225675
          23    0.275843    0.276165 0.000216336
          24     0.27729    0.276211 0.000212343
          25    0.275936      0.2762 0.000204135
          26     0.27607    0.276195 0.000196345
          27    0.276145    0.276193 0.000189082
          28    0.276007    0.276187 0.000182446
          29    0.277056    0.276217 0.000178599
          30    0.276663    0.276232 0.000173263
          31    0.276041    0.276226 0.000167783
          32    0.275885    0.276215 0.000162876
          33    0.274858    0.276174 0.000163051
          34    0.275362     0.27615 0.000159995
          35    0.276124    0.276149 0.000155425
          36    0.275573    0.276133 0.000151929
          37    0.276308    0.276138 0.000147897
          38    0.276597     0.27615 0.000144497
          39    0.277226    0.276178 0.000143401
          40    0.276063    0.276175 0.000139845
          41    0.275166     0.27615 0.000138582
          42    0.276209    0.276151  0.00013529
          43    0.277731    0.276188 0.000137043
          44    0.276529    0.276196 0.000134147
          45    0.276674    0.276207 0.000131587
          46    0.274287    0.276165 0.000135181
          47    0.277284    0.276189 0.000134387
          48    0.275948    0.276184 0.000131681
          49    0.276784    0.276196 0.000129562
          50    0.275692    0.276186 0.000127362
           1    0.244401    0.244401           0
           2    0.244625    0.244513 7.92351e-05
           3    0.244474      0.2445  5.3878e-05
           4    0.244368    0.244467 4.95286e-05
           5    0.245254    0.244624  0.00014626
           6    0.243748    0.244478 0.000180585
           7    0.244032    0.244414 0.000165643
           8     0.24458    0.244435 0.000146219
           9    0.244976    0.244495 0.000141771
          10    0.243643     0.24441 0.000151053
          11    0.244402    0.244409 0.000137323
          12    0.244114    0.244385 0.000128068
          13    0.244801    0.244417 0.000122159
          14    0.244563    0.244427 0.000113879
          15    0.243732    0.244381 0.000115332
          16    0.244866    0.244411 0.000112044
          17    0.244816    0.244435 0.000107957
          18    0.244397    0.244433  0.00010198
          19    0.243495    0.244383 0.000107898
          20    0.244887    0.244409 0.000105406
          21    0.244648     0.24442    0.000101
          22    0.244802    0.244437 9.78937e-05
          23    0.244347    0.244433 9.37161e-05
          24     0.24373    0.244404 9.42873e-05
          25    0.244715    0.244417 9.13329e-05
          26    0.243872    0.244396 9.01909e-05
          27    0.244733    0.244408 8.77112e-05
          28    0.244023    0.244394 8.56508e-05
          29    0.245329    0.244427  8.8554e-05
          30    0.244957    0.244444 8.73522e-05
          31    0.243453    0.244412 9.01989e-05
          32    0.246507    0.244478  0.00010856
          33    0.243396    0.244445  0.00011011
          34    0.242365    0.244384 0.000122693
          35    0.244355    0.244383  0.00011919
          36    0.244496    0.244386 0.000115921
          37    0.243507    0.244362 0.000115195
          38    0.244042    0.244354 0.000112473
          39     0.24481    0.244366 0.000110196
          40     0.24446    0.244368 0.000107467
          41    0.244485    0.244371 0.000104883
          42    0.243969    0.244361 0.000102821
          43    0.245153     0.24438 0.000102064
          44    0.243439    0.244358 0.000101958
          45    0.244525    0.244362 9.97594e-05
          46    0.245459    0.244386   0.0001004
          47    0.245732    0.244415 0.000102268
          48    0.245078    0.244428 0.000101068
          49    0.244699    0.244434  9.9156e-05
          50    0.243756     0.24442 9.80957e-05
           1    0.216779    0.216779           0
           2    0.216903    0.216841 4.38995e-05
           3    0.216011    0.216564 0.000227858
           4     0.21673    0.216606 0.000174634
           5    0.217095    0.216704 0.000164887
           6    0.216818    0.216723 0.000138506
           7    0.216923    0.216752 0.000121646
           8    0.216882    0.216768 0.000107532
           9    0.216749    0.216766  9.5605e-05
          10    0.215896    0.216679 0.000119235
          11    0.217089    0.216716 0.000114082
          12     0.21671    0.216716 0.000104576
          13     0.21586     0.21665 0.000115389
          14    0.217071     0.21668 0.000111004
          15     0.21778    0.216753 0.000125513
          16    0.216626    0.216745 0.000117918
          17    0.217036    0.216762 0.000112218
          18    0.216012    0.216721 0.000113456
          19    0.216527    0.216711 0.000107942
          20    0.217055    0.216728 0.000103913
          21     0.21717    0.216749 0.000101072
          22    0.216855    0.216754 9.65937e-05
          23    0.215917    0.216717 9.90064e-05
          24      0.2162    0.216696 9.71977e-05
          25    0.216718    0.216697 9.33139e-05
          26    0.215924    0.216667 9.43365e-05
          27    0.216712    0.216669 9.08574e-05
          28    0.217117    0.216685 8.90138e-05
          29    0.217327    0.216707 8.86545e-05
          30    0.217103     0.21672 8.66757e-05
          31     0.21671     0.21672 8.38804e-05
          32    0.217323    0.216738 8.33532e-05
          33    0.217271    0.216755 8.23719e-05
          34    0.216773    0.216755  7.9951e-05
          35    0.217034    0.216763 7.80631e-05
          36    0.215535    0.216729 8.30171e-05
          37    0.216853    0.216732 8.08412e-05
          38    0.215633    0.216703 8.37324e-05
          39    0.216476    0.216698 8.17879e-05
          40    0.216921    0.216703 7.99334e-05
          41    0.217322    0.216718 7.93966e-05
          42    0.216647    0.216717 7.75243e-05
          43    0.216227    0.216705 7.65514e-05
          44    0.216812    0.216708 7.48503e-05
          45    0.216475    0.216702 7.33653e-05
          46    0.216652    0.216701 7.17786e-05
          47    0.216177     0.21669 7.11146e-05
          48    0.216941    0.216695 6.98253e-05
          49    0.217219    0.216706 6.92139e-05
          50    0.215637    0.216685 7.10541e-05
           1    0.193036    0.193036           0
           2    0.192436    0.192736 0.000212019
           3    0.192412    0.192628 0.000166713
           4    0.192374    0.192565 0.000136591
           5    0.192944     0.19264 0.000128638
           6    0.192785    0.192664  0.00010942
           7    0.192294    0.192612 0.000105812
           8    0.192479    0.192595 9.38799e-05
           9    0.192066    0.192536 0.000100194
          10    0.192411    0.192524 9.09503e-05
          11    0.192792    0.192548 8.58841e-05
          12    0.191725    0.192479 0.000102528
          13    0.192735    0.192499 9.65127e-05
          14    0.192523    0.192501 8.96339e-05
          15    0.192411    0.192495 8.38585e-05
          16    0.192655    0.192505 7.92107e-05
          17    0.193321    0.192553 8.79045e-05
          18    0.192105    0.192528 8.64752e-05
          19    0.193221    0.192564 8.92829e-05
          20     0.19203    0.192538  8.8721e-05
          21    0.192187    0.192521 8.60572e-05
          22    0.193168     0.19255 8.70263e-05
          23    0.192443    0.192546 8.33672e-05
          24    0.192356    0.192538 8.02668e-05
          25    0.192589     0.19254 7.70827e-05
          26    0.193338    0.192571 7.99914e-05
          27    0.192414    0.192565 7.72376e-05
          28    0.192645    0.192568  7.4532e-05
          29    0.192292    0.192558 7.25675e-05
          30    0.192593    0.192559  7.0158e-05
          31    0.192069    0.192543 6.96561e-05
          32    0.192868    0.192554 6.82144e-05
          33    0.192648    0.192556 6.62073e-05
          34    0.192804    0.192564 6.46585e-05
          35    0.192285    0.192556 6.32982e-05
          36    0.192367    0.192551 6.17567e-05
          37    0.192202    0.192541 6.08034e-05
          38    0.192784    0.192548 5.95383e-05
          39     0.19313    0.192562 5.98533e-05
          40    0.192861     0.19257 5.88218e-05
          41    0.192061    0.192557 5.86832e-05
          42     0.19299    0.192568 5.81828e-05
          43    0.192584    0.192568  5.6831e-05
          44    0.192647     0.19257 5.55679e-05
          45    0.193396    0.192588 5.72858e-05
          46    0.192376    0.192584 5.62256e-05
          47     0.19239     0.19258 5.51805e-05
          48    0.192477    0.192577  5.4072e-05
          49    0.192728    0.192581 5.30556e-05
          50    0.192493    0.192579 5.20231e-05
