#     BLOCK:   ACTUAL_X:     X_AVE:       ERROR:
           1     70.5059     70.5059           0
           2     84.6941        77.6     5.01631
           3     83.4696     79.5565     3.70617
           4     75.5255     78.5488     2.91342
           5     76.2442     78.0878     2.36691
           6     73.6698     77.3515     2.08382
           7     73.6806     76.8271     1.85094
           8      79.652     77.1802     1.65291
           9     82.6761     77.7908     1.57803
          10     76.4331     77.6551     1.42606
          11     77.5049     77.6414     1.29648
          12     77.4706     77.6272     1.18852
          13     76.5029     77.5407     1.10024
          14     70.2744     77.0217      1.1375
          15     81.7532     77.3371     1.10454
          16     80.3856     77.5276     1.05181
          17     76.7941     77.4845    0.990821
          18     84.9053     77.8968     1.01794
          19     81.4706     78.0848    0.981586
          20     85.1053     78.4359    0.993291
          21     84.1462     78.7078    0.982507
          22     83.0039     78.9031    0.957057
          23     85.1382     79.1742    0.953067
          24     72.6422      78.902    0.951424
          25     76.3757      78.801    0.918717
          26     78.2074     78.7781    0.883666
          27     81.6037     78.8828    0.857112
          28     67.9463     78.4922     0.91116
          29     79.6744      78.533    0.880652
          30     88.5347     78.8663    0.912224
          31     81.3139     78.9453    0.886208
          32     85.6732     79.1555    0.883102
          33     88.7829     79.4473    0.903245
          34      81.355     79.5034     0.87842
          35     68.0434      79.176    0.912307
          36     75.7094     79.0797    0.892033
          37       83.07     79.1875    0.874419
          38     78.0542     79.1577    0.851917
          39       76.44      79.088    0.832918
          40     76.6607     79.0273    0.814302
          41     80.7656     79.0697    0.795544
          42     79.1188     79.0709    0.776604
          43     78.1605     79.0497    0.758832
          44     78.5152     79.0376    0.741683
          45     83.2002     79.1301    0.730946
          46     74.4437     79.0282    0.722121
          47     84.1649     79.1375     0.71498
          48     82.2782     79.2029    0.703072
          49     77.9588     79.1775    0.689182
          50     68.7674     78.9693    0.706147
           1     30.8092     30.8092           0
           2     33.9617     32.3854     1.11457
           3     36.7009     33.8239     1.38984
           4     34.1669     33.9097     1.04502
           5     30.5252     33.2328     1.03222
           6     34.2951     33.4098    0.875236
           7     35.7581     33.7453    0.811953
           8     30.8157     33.3791    0.788727
           9      35.308     33.5934    0.729629
          10     31.9831     33.4324    0.674203
          11     29.5184     33.0766     0.70054
          12     29.9812     32.8186    0.688015
          13      27.938     32.4432    0.730374
          14     32.8431     32.4718    0.678763
          15     33.5054     32.5407       0.637
          16      31.796     32.4941    0.598885
          17     34.2712     32.5987    0.572707
          18     33.7658     32.6635    0.544548
          19     34.2624     32.7477    0.522349
          20     36.1146      32.916    0.522656
          21     31.1654     32.8326    0.504372
          22      33.029     32.8416    0.481525
          23     30.4024     32.7355    0.472123
          24     31.8802     32.6999    0.453794
          25     31.5136     32.6524    0.438116
          26     37.0158     32.8203    0.452268
          27     34.4614      32.881    0.439583
          28     32.6108     32.8714    0.423989
          29     32.1697     32.8472    0.410059
          30     30.8216     32.7797    0.401911
          31     32.7336     32.7782    0.388949
          32     35.3038     32.8571    0.384719
          33     31.9646     32.8301     0.37401
          34      37.332     32.9625    0.385736
          35     34.6973      33.012    0.377886
          36      34.296     33.0477    0.369069
          37       35.03     33.1013    0.362962
          38     34.2703      33.132    0.354712
          39     31.3146     33.0854    0.348664
          40     33.2829     33.0904    0.339983
          41      33.228     33.0937    0.331707
          42     31.5437     33.0568    0.325856
          43     33.7694     33.0734    0.318699
          44     30.5227     33.0154    0.316684
          45     31.5307     32.9824    0.311361
          46     32.3233     32.9681    0.304921
          47     36.3377     33.0398    0.306746
          48     31.8148     33.0143    0.301416
          49     29.6211      32.945    0.303115
          50     31.0681     32.9075    0.299368
           1     14.4985     14.4985           0
           2     14.0743     14.2864    0.149974
           3     14.8307     14.4678     0.17872
           4      15.111     14.6286    0.193277
           5     15.9936     14.9016    0.289007
           6     15.6729     15.0302    0.267906
           7     15.4725     15.0934    0.236969
           8     15.3045     15.1198    0.208813
           9     14.9213     15.0977    0.186772
          10      15.083     15.0962    0.168101
          11     14.3828     15.0314    0.164858
          12     13.4255     14.8976    0.198125
          13     16.5733     15.0265    0.220872
          14     15.5894     15.0667    0.208724
          15     15.2758     15.0806    0.195274
          16     15.1513      15.085     0.18312
          17      14.096     15.0268    0.181354
          18     15.8708     15.0737    0.177236
          19      16.044     15.1248    0.175111
          20     12.6402     15.0006    0.205755
          21     13.7061     14.9389    0.204983
          22     15.3305     14.9567    0.196437
          23     13.2755     14.8836    0.201036
          24     15.9545     14.9283    0.197549
          25     17.1832     15.0185    0.209228
          26     15.0601     15.0201    0.201187
          27     16.0637     15.0587    0.197414
          28     14.6395     15.0437     0.19093
          29     16.2275     15.0846    0.188659
          30     16.2583     15.1237    0.186383
          31     15.7466     15.1438    0.181451
          32     14.1116     15.1115    0.178624
          33      15.949     15.1369    0.175005
          34     16.6835     15.1824     0.17567
          35     15.2717     15.1849    0.170669
          36     16.6672     15.2261    0.170823
          37     13.2114     15.1717    0.174669
          38     13.8765     15.1376    0.173366
          39     14.3823     15.1182    0.169999
          40     14.1885      15.095     0.16733
          41      17.166     15.1455    0.170703
          42      13.798     15.1134    0.169627
          43     14.7517      15.105     0.16589
          44     15.5849     15.1159    0.162478
          45     14.5296     15.1029    0.159389
          46     13.8475     15.0756    0.158243
          47     15.7843     15.0907    0.155593
          48     14.3425     15.0751     0.15313
          49     14.7762      15.069    0.150127
          50     16.3531     15.0947    0.149305
           1     8.49989     8.49989           0
           2     8.17201     8.33595    0.115924
           3     9.48771     8.71987    0.322857
           4      8.9689     8.78213    0.248072
           5     8.25061     8.67582    0.220059
           6     8.14861     8.58796    0.200158
           7     8.76743     8.61359    0.173199
           8     8.50648     8.60021    0.152065
           9      8.5637     8.59615    0.135223
          10     8.48456     8.58499    0.122161
          11     8.90537     8.61412    0.114474
          12     9.17202     8.66061    0.113986
          13     9.56959     8.73053    0.124835
          14     9.07677     8.75526    0.118342
          15     8.13307     8.71378    0.117497
          16     8.53868     8.70284    0.110662
          17     8.85319     8.71168    0.104506
          18     8.77325      8.7151   0.0987557
          19     9.00703     8.73047   0.0947458
          20     8.92827     8.74036   0.0905232
          21     9.08208     8.75663    0.087663
          22     8.88008     8.76224   0.0838577
          23     8.41722     8.74724   0.0815424
          24     8.16748     8.72308   0.0816446
          25     8.89146     8.72982   0.0786561
          26      7.6933     8.68995   0.0851365
          27     9.02281     8.70228   0.0828711
          28     9.23908     8.72145    0.082099
          29     8.92482     8.72846   0.0795669
          30     8.98323     8.73696   0.0773666
          31     9.23965     8.75317   0.0765514
          32     8.14251     8.73409   0.0765008
          33     8.67514      8.7323   0.0742035
          34     8.95679     8.73891   0.0723141
          35      8.5419     8.73328   0.0704667
          36     9.15691     8.74504   0.0694849
          37     9.17349     8.75662   0.0685651
          38     8.26648     8.74373   0.0679631
          39     8.74118     8.74366   0.0662205
          40     8.30706     8.73275   0.0654584
          41     8.48609     8.72673   0.0641377
          42     8.22165      8.7147    0.063728
          43     9.03745     8.72221   0.0626864
          44     8.35816     8.71394   0.0618053
          45     9.27522     8.72641   0.0616776
          46     8.48932     8.72125   0.0605518
          47     8.63719     8.71947   0.0592899
          48     8.64671     8.71795    0.058074
          49     8.14265     8.70621   0.0580635
          50     8.82264     8.70854   0.0569489
           1     5.70004     5.70004           0
           2     5.59313     5.64659   0.0378006
           3      5.6875     5.66022   0.0275509
           4     5.57099     5.63791   0.0282881
           5     5.87288     5.68491    0.047737
           6     5.60778     5.67205   0.0414754
           7     5.46342     5.64225   0.0450029
           8      5.8073     5.66288   0.0438526
           9     5.90615     5.68991    0.046571
          10     5.77751     5.69867   0.0427298
          11     5.44444     5.67556   0.0446602
          12     5.57082     5.66683   0.0417827
          13     5.58646     5.66065   0.0390233
          14     5.53823      5.6519   0.0372028
          15     5.73865     5.65769   0.0351692
          16     5.33348     5.63742    0.038367
          17     6.17105     5.66881   0.0472368
          18     5.83847     5.67824   0.0455432
          19     5.34159     5.66052   0.0464651
          20     5.88414      5.6717   0.0454672
          21     5.27703     5.65291   0.0470261
          22     5.58323     5.64974   0.0449951
          23     6.28993     5.67757   0.0509254
          24     5.94933      5.6889   0.0500465
          25      5.3854     5.67676   0.0494951
          26     5.80583     5.68172   0.0478398
          27     5.78849     5.68568   0.0462311
          28     6.32345     5.70845   0.0498765
          29      5.8566     5.71356   0.0484175
          30     5.73551     5.71429   0.0468091
          31     5.66025     5.71255   0.0453316
          32     5.63364     5.71008    0.043982
          33      5.5488      5.7052   0.0429199
          34     5.18118     5.68979   0.0443385
          35     5.61796     5.68773   0.0431192
          36     5.67095     5.68727   0.0419239
          37     5.34455       5.678   0.0418016
          38     5.59642     5.67586   0.0407566
          39     5.98978     5.68391   0.0404986
          40     5.87923     5.68879   0.0397795
          41     6.04117     5.69738   0.0397269
          42     5.64553     5.69615   0.0388002
          43     5.61132     5.69418   0.0379479
          44     5.33539     5.68602   0.0379515
          45     5.29606     5.67736   0.0380847
          46     5.96102     5.68352   0.0377527
          47     5.72951      5.6845   0.0369621
          48     5.55558     5.68182   0.0362895
          49     5.76287     5.68347   0.0355866
          50     5.71959     5.68419   0.0348822
           1     3.91144     3.91144           0
           2     3.91854     3.91499  0.00251164
           3     3.81336     3.88111   0.0277096
           4     3.91311     3.88911   0.0219062
           5      4.0592     3.92313   0.0351124
           6     3.95158     3.92787   0.0295789
           7     4.11815     3.95505    0.035723
           8     3.90074     3.94826   0.0318963
           9     4.13553     3.96907   0.0344772
          10     3.74336      3.9465   0.0377006
          11     3.95848     3.94759    0.034289
          12     3.88959     3.94276   0.0317705
          13     3.96897     3.94477   0.0293905
          14     4.06525     3.95338   0.0285233
          15     3.92344     3.95138   0.0266915
          16     4.43785     3.98179   0.0386368
          17     4.06748     3.98683   0.0366914
          18     3.73108     3.97262   0.0373025
          19     3.99113     3.97359    0.035352
          20     4.01773      3.9758   0.0336532
          21     3.93104     3.97367   0.0321181
          22      4.0152     3.97556   0.0307136
          23     3.82328     3.96894   0.0300833
          24     3.87448       3.965   0.0290862
          25     3.78805     3.95792    0.028771
          26     3.95101     3.95766   0.0276657
          27     3.98276     3.95859   0.0266566
          28     4.10578     3.96384   0.0262178
          29     3.83685     3.95946   0.0256769
          30     3.92525     3.95832   0.0248463
          31     3.79258     3.95298   0.0246133
          32     4.28185     3.96325   0.0259011
          33     3.71268     3.95566   0.0262055
          34     3.97961     3.95637   0.0254443
          35     3.78561     3.95149   0.0251806
          36     4.12215     3.95623   0.0249234
          37     4.22472     3.96348   0.0252842
          38     3.76371     3.95823   0.0251595
          39     4.05757     3.96077   0.0246429
          40     3.92305     3.95983   0.0240449
          41      3.8876     3.95807   0.0235229
          42     4.14422      3.9625   0.0233766
          43     3.82364     3.95927    0.023055
          44     4.17245     3.96412   0.0230345
          45     3.87203     3.96207   0.0226133
          46     3.99159     3.96271   0.0221308
          47     3.73551     3.95788   0.0221816
          48     3.96067     3.95794   0.0217196
          49     3.90884     3.95693   0.0212994
          50     3.79557     3.95371   0.0211165
           1     2.82442     2.82442           0
           2     3.05029     2.93735   0.0798586
           3     3.13231     3.00234   0.0751659
           4     2.84894     2.96399   0.0654307
           5     3.01028     2.97325   0.0529955
           6     3.01127     2.97958   0.0445401
           7       2.935     2.97322     0.03863
           8     3.04991      2.9828   0.0349705
           9     3.04209     2.98939   0.0316992
          10       2.965     2.98695    0.028623
          11     2.89598     2.97868   0.0271893
          12     2.99927      2.9804   0.0249776
          13      3.1247      2.9915   0.0254034
          14     2.96131     2.98934   0.0236802
          15      3.0104     2.99074   0.0221431
          16     3.05778     2.99493   0.0211519
          17     2.91969     2.99051   0.0203655
          18     3.12869     2.99819   0.0206302
          19     2.94799     2.99554   0.0197128
          20     2.92857     2.99219   0.0190095
          21     2.96413     2.99086   0.0181512
          22     2.85011     2.98446   0.0184191
          23     2.97469     2.98404   0.0176231
          24      2.9723     2.98355   0.0168956
          25     2.78256     2.97551   0.0180313
          26     2.94067     2.97417   0.0173875
          27     3.01841     2.97581   0.0168206
          28     2.95875      2.9752   0.0162309
          29     2.91897     2.97326   0.0157866
          30     2.85861     2.96944   0.0157161
          31      2.8806     2.96657   0.0154682
          32     2.90226     2.96456   0.0151148
          33      3.0254      2.9664   0.0147688
          34     2.98015     2.96681     0.01434
          35     2.97123     2.96694   0.0139308
          36     2.87473     2.96437   0.0137773
          37     2.99422     2.96518   0.0134285
          38     3.11519     2.96913   0.0136431
          39     3.10073      2.9725   0.0137042
          40     2.76568     2.96733   0.0143038
          41     2.94031     2.96667   0.0139701
          42     2.96573     2.96665   0.0136375
          43     2.80381     2.96286   0.0138362
          44      2.9095     2.96165   0.0135748
          45     2.93965     2.96116   0.0132819
          46     3.05944      2.9633   0.0131639
          47     2.95437     2.96311   0.0128852
          48     3.01573      2.9642   0.0126633
          49     2.84047     2.96168   0.0126541
          50     2.86296     2.95971   0.0125541
           1     2.40241     2.40241           0
           2     2.36551     2.38396   0.0130473
           3     2.38383     2.38392  0.00869824
           4     2.46988     2.40541   0.0197218
           5      2.3437     2.39307   0.0192554
           6     2.39343     2.39313   0.0160463
           7     2.29698     2.37939   0.0187321
           8     2.34208     2.37473   0.0169613
           9     2.26046     2.36203   0.0192508
          10     2.33974      2.3598   0.0174543
          11     2.37073     2.36079   0.0158958
          12     2.33072     2.35829   0.0147674
          13     2.33533     2.35652   0.0137366
          14     2.35852     2.35667   0.0127561
          15     2.36133     2.35698   0.0119095
          16     2.42691     2.36135   0.0119403
          17     2.36135     2.36135    0.011238
          18     2.49559     2.36881   0.0128521
          19     2.35735      2.3682   0.0121899
          20      2.3732     2.36845   0.0115829
          21     2.37022     2.36854   0.0110317
          22     2.36561      2.3684    0.010531
          23     2.25585     2.36351   0.0111524
          24     2.19106     2.35632   0.0127948
          25     2.49657     2.36193   0.0134567
          26     2.36104      2.3619   0.0129392
          27     2.32797     2.36064   0.0125208
          28      2.4253     2.36295   0.0122847
          29     2.27719     2.35999   0.0122119
          30     2.42157     2.36205   0.0119761
          31     2.31251     2.36045   0.0116959
          32     2.34934      2.3601   0.0113355
          33     2.54806      2.3658   0.0123403
          34     2.31534     2.36431   0.0120663
          35     2.32183      2.3631   0.0117824
          36     2.35315     2.36282   0.0114583
          37     2.43357     2.36474   0.0113071
          38     2.27631     2.36241   0.0112464
          39     2.30675     2.36098   0.0110482
          40     2.34311     2.36053    0.010781
          41     2.47978     2.36344   0.0109033
          42     2.39089      2.3641   0.0106633
          43     2.22795     2.36093   0.0108752
          44     2.29297     2.35939   0.0107372
          45     2.34833     2.35914   0.0105014
          46     2.39303     2.35988   0.0102989
          47     2.39709     2.36067   0.0101102
          48     2.39998     2.36149  0.00993269
          49     2.35055     2.36126  0.00973248
          50     2.34505     2.36094  0.00954323
           1     1.84177     1.84177           0
           2     1.91028     1.87602   0.0242213
           3     1.89528     1.88244   0.0169768
           4     1.91406     1.89035   0.0144562
           5     1.88476     1.88923   0.0116081
           6     1.90969     1.89264   0.0101622
           7     1.90144      1.8939  0.00878794
           8     1.89353     1.89385  0.00768956
           9      1.8537     1.88939   0.0080255
          10     1.88116     1.88857  0.00726507
          11      1.9347     1.89276  0.00772059
          12     1.94823     1.89738  0.00834704
          13     1.90688     1.89811  0.00773683
          14     1.91841     1.89956  0.00731881
          15     1.96864     1.90417  0.00815176
          16     1.86781      1.9019  0.00795276
          17     1.80958     1.89647  0.00915303
          18     1.77358     1.88964   0.0108972
          19     1.94402      1.8925    0.010693
          20     1.93534     1.89464   0.0103706
          21     1.94978     1.89727   0.0102037
          22     1.87947     1.89646  0.00977193
          23     1.95131     1.89884  0.00963366
          24     1.91403     1.89948  0.00925301
          25     1.91875     1.90025  0.00891494
          26     1.94717     1.90205  0.00875283
          27     1.85333     1.90025  0.00861268
          28     1.86005     1.89881  0.00842391
          29     1.83429     1.89659   0.0084221
          30     1.92018     1.89737  0.00817801
          31      1.9496     1.89906  0.00808591
          32     1.80727     1.89619   0.0083265
          33     1.90312      1.8964  0.00807683
          34     2.02422     1.90016  0.00867018
          35     1.93978     1.90129  0.00849604
          36     1.93517     1.90223  0.00831198
          37      1.9496     1.90351  0.00818535
          38     1.96025     1.90501  0.00810499
          39     1.85421      1.9037  0.00800115
          40     1.88744      1.9033  0.00781145
          41     1.80685     1.90094  0.00796724
          42     1.94902     1.90209  0.00785935
          43      1.8862     1.90172  0.00768526
          44     1.93615      1.9025  0.00755032
          45      1.8864     1.90214  0.00739101
          46     1.86256     1.90128  0.00728025
          47     1.91907     1.90166  0.00713518
          48      1.9232     1.90211  0.00700063
          49     1.86122     1.90128  0.00690732
          50     1.85925     1.90044  0.00682011
           1     1.53603     1.53603           0
           2     1.55152     1.54378  0.00547798
           3     1.58065     1.55607    0.010679
           4     1.59587     1.56602   0.0117654
           5     1.63333     1.57948   0.0152828
           6     1.61398     1.58523   0.0137747
           7     1.60766     1.58843   0.0121738
           8     1.56822     1.58591   0.0109111
           9     1.56293     1.58335  0.00999297
          10      1.6393     1.58895   0.0104431
          11     1.58269     1.58838  0.00950922
          12     1.56598     1.58651  0.00889805
          13       1.592     1.58694  0.00822357
          14     1.63615     1.59045  0.00835369
          15     1.52396     1.58602  0.00889542
          16     1.58904     1.58621  0.00834146
          17     1.57163     1.58535  0.00789475
          18     1.64266     1.58853  0.00807267
          19     1.62921     1.59067  0.00792654
          20     1.57642     1.58996  0.00756217
          21     1.58857      1.5899  0.00720236
          22     1.60875     1.59075  0.00692577
          23     1.60433     1.59134  0.00664978
          24      1.6105     1.59214  0.00642041
          25      1.5761      1.5915  0.00619557
          26     1.59635     1.59169  0.00596009
          27     1.57999     1.59125  0.00575507
          28     1.54755     1.58969  0.00575733
          29     1.52111     1.58733    0.006025
          30     1.55685     1.58631   0.0059092
          31     1.60585     1.58694   0.0057521
          32     1.59267     1.58712  0.00557514
          33     1.56786     1.58654  0.00543665
          34     1.60217       1.587  0.00529616
          35     1.55119     1.58597  0.00524271
          36     1.59143     1.58613  0.00509927
          37     1.60973     1.58676   0.0050012
          38     1.60507     1.58724  0.00489275
          39     1.59578     1.58746  0.00477218
          40     1.61096     1.58805  0.00468888
          41     1.56953      1.5876  0.00459622
          42     1.59917     1.58787  0.00449503
          43     1.61471      1.5885  0.00443361
          44     1.58337     1.58838  0.00433438
          45     1.60157     1.58868  0.00424796
          46     1.61064     1.58915  0.00418237
          47     1.64772      1.5904  0.00427501
          48     1.55811     1.58973  0.00423854
          49     1.55261     1.58897  0.00421918
          50     1.57952     1.58878  0.00413903
           1      1.3991      1.3991           0
           2     1.36694     1.38302   0.0113717
           3     1.35699     1.37434   0.0103768
           4     1.41449     1.38438   0.0116666
           5     1.29246       1.366   0.0189073
           6     1.34707     1.36284    0.016017
           7      1.3557     1.36182   0.0137614
           8     1.37086     1.36295   0.0120875
           9     1.37057      1.3638    0.010774
          10     1.40608     1.36803   0.0104934
          11     1.33355     1.36489  0.00999661
          12     1.38454     1.36653  0.00929665
          13     1.31804      1.3628  0.00929957
          14     1.41623     1.36661   0.0093858
          15     1.37073     1.36689  0.00876409
          16     1.30413     1.36297  0.00905159
          17     1.32184     1.36055  0.00883653
          18     1.40187     1.36284  0.00863864
          19     1.35681     1.36253  0.00818981
          20     1.39769     1.36428  0.00796684
          21     1.36849     1.36448  0.00758998
          22     1.32165     1.36254  0.00749053
          23       1.403      1.3643  0.00736855
          24     1.38819     1.36529  0.00712847
          25     1.31126     1.36313  0.00716349
          26      1.3081     1.36101  0.00719391
          27     1.33589     1.36008  0.00698738
          28     1.31416     1.35844  0.00692765
          29     1.36564     1.35869  0.00669321
          30     1.34755     1.35832   0.0064804
          31     1.37038     1.35871  0.00628302
          32     1.35446     1.35858  0.00608808
          33     1.39219      1.3596  0.00598818
          34     1.31665     1.35833  0.00594377
          35     1.35671     1.35829  0.00577413
          36     1.34841     1.35801  0.00562025
          37     1.31825     1.35694  0.00557014
          38     1.36871     1.35725  0.00543216
          39     1.31653      1.3562  0.00539228
          40     1.32853     1.35551  0.00530166
          41     1.38875     1.35632  0.00523398
          42     1.32367     1.35554  0.00516677
          43     1.35833     1.35561  0.00504701
          44      1.3712     1.35596  0.00494473
          45     1.36015     1.35606  0.00483572
          46     1.36358     1.35622  0.00473336
          47     1.34878     1.35606   0.0046353
          48     1.38675      1.3567   0.0045826
          49      1.3834     1.35725  0.00452135
          50     1.36138     1.35733  0.00443168
