0.487 0.487 -nan
0.499 0.493 0.006
0.501 0.495667 0.00437163
0.5 0.49675 0.00327554
0.516 0.5006 0.00461086
0.515 0.503 0.00446468
0.474 0.498857 0.00560369
0.498 0.49875 0.00485412
0.508 0.499778 0.00440258
0.52 0.5018 0.00442669
0.52 0.503455 0.00433246
0.536 0.506167 0.00479557
0.525 0.507615 0.00464308
0.506 0.5075 0.0043002
0.496 0.506733 0.00407602
0.495 0.506 0.00388265
0.513 0.506412 0.00367029
0.488 0.505389 0.0036084
0.505 0.505368 0.00341326
0.482 0.5042 0.00344246
0.528 0.505333 0.00346502
0.507 0.505409 0.00330463
0.496 0.505 0.00318408
0.455 0.502917 0.00369239
0.512 0.50328 0.00356021
0.495 0.502962 0.00343533
0.488 0.502407 0.00335177
0.488 0.501893 0.00327058
0.533 0.502966 0.0033331
0.507 0.5031 0.00322289
0.481 0.502387 0.00319767
0.508 0.502562 0.0031011
0.485 0.50203 0.00305241
0.491 0.501706 0.00297899
0.514 0.502057 0.00291387
0.488 0.501667 0.00285857
0.482 0.501135 0.00283059
0.498 0.501053 0.00275633
0.52 0.501538 0.00272833
0.508 0.5017 0.00266415
0.516 0.502049 0.00262166
0.505 0.502119 0.00255944
0.484 0.501698 0.00253449
0.508 0.501841 0.00248035
0.505 0.501911 0.00242563
0.489 0.50163 0.00238885
0.507 0.501745 0.00234027
0.506 0.501833 0.00229271
0.508 0.501959 0.00224895
0.504 0.502 0.00220389
0.497 0.501902 0.00216247
0.501 0.501885 0.00212055
0.488 0.501623 0.00209658
0.516 0.501889 0.00207455
0.493 0.501727 0.00204288
0.499 0.501679 0.00200666
0.499 0.501632 0.0019717
0.497 0.501552 0.00193906
0.516 0.501797 0.00192157
0.503 0.501817 0.00188938
0.484 0.501525 0.00188097
0.497 0.501452 0.00185182
0.512 0.501619 0.00182986
0.512 0.501781 0.00180833
0.496 0.501692 0.00178252
0.513 0.501864 0.00176364
0.499 0.501821 0.00173765
0.486 0.501588 0.00172764
0.524 0.501913 0.00173313
0.5 0.501886 0.00170841
0.508 0.501972 0.00168637
0.5 0.501944 0.00166301
0.484 0.501699 0.00165839
0.508 0.501784 0.00163804
0.508 0.501867 0.00161818
0.517 0.502066 0.00160911
0.481 0.501792 0.00161147
0.501 0.501782 0.00159071
0.535 0.502203 0.00162576
0.484 0.501975 0.00162135
0.509 0.502062 0.00160356
0.484 0.501841 0.00159913
0.499 0.501807 0.00158011
0.474 0.501476 0.0015959
0.51 0.501576 0.0015802
0.504 0.501605 0.00156197
0.489 0.50146 0.00155069
0.526 0.501739 0.00155813
0.501 0.50173 0.00154055
0.508 0.5018 0.00152492
0.471 0.501462 0.00154559
0.469 0.501109 0.00156889
0.487 0.500957 0.00155932
0.498 0.500926 0.00154297
0.49 0.500811 0.00153096
0.509 0.500896 0.00151733
0.478 0.50066 0.00152005
0.503 0.500684 0.00150465
0.485 0.500525 0.00149777
0.473 0.50025 0.00150805
