#DISTANCE:      BLOCK_NUMBER:        AVE_GOFR:
           0           1           0
   0.0256496           1           0
   0.0512993           1           0
   0.0769489           1           0
    0.102599           1           0
    0.128248           1           0
    0.153898           1           0
    0.179547           1           0
    0.205197           1           0
    0.230847           1           0
    0.256496           1           0
    0.282146           1           0
    0.307796           1           0
    0.333445           1           0
    0.359095           1           0
    0.384745           1           0
    0.410394           1           0
    0.436044           1           0
    0.461694           1           0
    0.487343           1           0
    0.512993           1           0
    0.538642           1           0
    0.564292           1           0
    0.589942           1           0
    0.615591           1           0
    0.641241           1           0
    0.666891           1           0
     0.69254           1           0
     0.71819           1           0
     0.74384           1           0
    0.769489           1           0
    0.795139           1           0
    0.820788           1           0
    0.846438           1           0
    0.872088           1           0
    0.897737           1 0.000519671
    0.923387           1    0.020278
    0.949037           1    0.154115
    0.974686           1    0.513569
     1.00034           1     1.09266
     1.02599           1     1.73832
     1.05164           1     2.12532
     1.07728           1      2.3191
     1.10293           1     2.40311
     1.12858           1     2.31925
     1.15423           1     2.03761
     1.17988           1     1.77726
     1.20553           1     1.66415
     1.23118           1     1.47512
     1.25683           1     1.30989
     1.28248           1     1.21898
     1.30813           1     1.07327
     1.33378           1     1.01347
     1.35943           1    0.917453
     1.38508           1    0.827114
     1.41073           1    0.803194
     1.43638           1    0.741966
     1.46203           1    0.711696
     1.48768           1    0.705275
     1.51333           1    0.654681
     1.53898           1    0.609912
     1.56463           1     0.63809
     1.59028           1    0.624192
     1.61593           1    0.616477
     1.64158           1    0.622305
     1.66723           1    0.617697
     1.69288           1    0.636631
     1.71853           1    0.651581
     1.74418           1    0.664066
     1.76983           1    0.722179
     1.79547           1    0.751175
     1.82112           1    0.793994
     1.84677           1    0.837783
     1.87242           1    0.856211
     1.89807           1    0.913848
     1.92372           1    0.964025
     1.94937           1    0.997183
     1.97502           1     1.03541
     2.00067           1     1.05193
     2.02632           1     1.09772
     2.05197           1     1.11012
     2.07762           1     1.12004
     2.10327           1     1.11831
     2.12892           1     1.12098
     2.15457           1     1.08089
     2.18022           1      1.1028
     2.20587           1     1.09653
     2.23152           1     1.06864
     2.25717           1     1.04105
     2.28282           1      1.0116
     2.30847           1      1.0022
     2.33412           1    0.977718
     2.35977           1    0.975651
     2.38542           1    0.940621
     2.41107           1    0.904342
     2.43672           1     0.86865
     2.46237           1    0.849457
     2.48802           1     0.85464
     2.51366           1    0.840142
     2.53931           1     0.83231
           0           2           0
   0.0256496           2           0
   0.0512993           2           0
   0.0769489           2           0
    0.102599           2           0
    0.128248           2           0
    0.153898           2           0
    0.179547           2           0
    0.205197           2           0
    0.230847           2           0
    0.256496           2           0
    0.282146           2           0
    0.307796           2           0
    0.333445           2           0
    0.359095           2           0
    0.384745           2           0
    0.410394           2           0
    0.436044           2           0
    0.461694           2           0
    0.487343           2           0
    0.512993           2           0
    0.538642           2           0
    0.564292           2           0
    0.589942           2           0
    0.615591           2           0
    0.641241           2           0
    0.666891           2           0
     0.69254           2           0
     0.71819           2           0
     0.74384           2           0
    0.769489           2           0
    0.795139           2           0
    0.820788           2           0
    0.846438           2           0
    0.872088           2           0
    0.897737           2   0.0014724
    0.923387           2   0.0170007
    0.949037           2    0.146935
    0.974686           2    0.506205
     1.00034           2     1.08657
     1.02599           2      1.6923
     1.05164           2     2.09474
     1.07728           2     2.29906
     1.10293           2     2.36253
     1.12858           2     2.35139
     1.15423           2     2.12152
     1.17988           2     1.83024
     1.20553           2     1.68827
     1.23118           2     1.54377
     1.25683           2      1.3669
     1.28248           2     1.23356
     1.30813           2     1.07502
     1.33378           2    0.929805
     1.35943           2    0.884103
     1.38508           2    0.841502
     1.41073           2    0.770698
     1.43638           2    0.712576
     1.46203           2    0.694032
     1.48768           2    0.657702
     1.51333           2    0.641731
     1.53898           2    0.625673
     1.56463           2    0.628941
     1.59028           2    0.614886
     1.61593           2    0.610021
     1.64158           2     0.62994
     1.66723           2    0.661269
     1.69288           2    0.666424
     1.71853           2    0.690704
     1.74418           2      0.7115
     1.76983           2    0.731591
     1.79547           2    0.743225
     1.82112           2    0.783403
     1.84677           2    0.842425
     1.87242           2    0.879054
     1.89807           2    0.927999
     1.92372           2    0.934832
     1.94937           2    0.962508
     1.97502           2    0.991043
     2.00067           2     1.04836
     2.02632           2     1.08214
     2.05197           2     1.10533
     2.07762           2     1.08124
     2.10327           2      1.1215
     2.12892           2     1.11696
     2.15457           2     1.11027
     2.18022           2     1.09519
     2.20587           2     1.09035
     2.23152           2      1.0758
     2.25717           2     1.05262
     2.28282           2     1.03081
     2.30847           2     1.02679
     2.33412           2    0.982145
     2.35977           2    0.974018
     2.38542           2    0.915311
     2.41107           2     0.90114
     2.43672           2    0.857782
     2.46237           2    0.849967
     2.48802           2    0.831737
     2.51366           2    0.824852
     2.53931           2    0.838914
           0           3           0
   0.0256496           3           0
   0.0512993           3           0
   0.0769489           3           0
    0.102599           3           0
    0.128248           3           0
    0.153898           3           0
    0.179547           3           0
    0.205197           3           0
    0.230847           3           0
    0.256496           3           0
    0.282146           3           0
    0.307796           3           0
    0.333445           3           0
    0.359095           3           0
    0.384745           3           0
    0.410394           3           0
    0.436044           3           0
    0.461694           3           0
    0.487343           3           0
    0.512993           3           0
    0.538642           3           0
    0.564292           3           0
    0.589942           3           0
    0.615591           3           0
    0.641241           3           0
    0.666891           3           0
     0.69254           3           0
     0.71819           3           0
     0.74384           3           0
    0.769489           3           0
    0.795139           3           0
    0.820788           3           0
    0.846438           3           0
    0.872088           3           0
    0.897737           3  0.00112595
    0.923387           3   0.0251119
    0.949037           3    0.138009
    0.974686           3    0.530433
     1.00034           3     1.05145
     1.02599           3     1.74464
     1.05164           3     2.18607
     1.07728           3     2.40702
     1.10293           3     2.35376
     1.12858           3     2.24049
     1.15423           3     2.07763
     1.17988           3     1.85652
     1.20553           3     1.65663
     1.23118           3     1.46001
     1.25683           3     1.31157
     1.28248           3      1.1755
     1.30813           3     1.03765
     1.33378           3    0.957171
     1.35943           3    0.888984
     1.38508           3    0.850616
     1.41073           3    0.791075
     1.43638           3    0.738239
     1.46203           3    0.712851
     1.48768           3    0.686648
     1.51333           3    0.641377
     1.53898           3    0.628998
     1.56463           3    0.639071
     1.59028           3    0.626847
     1.61593           3    0.632977
     1.64158           3    0.635306
     1.66723           3    0.660811
     1.69288           3    0.692959
     1.71853           3    0.705102
     1.74418           3    0.693227
     1.76983           3     0.70784
     1.79547           3    0.729202
     1.82112           3    0.783136
     1.84677           3    0.813091
     1.87242           3    0.843703
     1.89807           3    0.888763
     1.92372           3    0.945967
     1.94937           3    0.983408
     1.97502           3     1.02966
     2.00067           3     1.07697
     2.02632           3     1.08722
     2.05197           3     1.13902
     2.07762           3       1.136
     2.10327           3     1.12449
     2.12892           3     1.10464
     2.15457           3     1.10147
     2.18022           3     1.07749
     2.20587           3     1.04209
     2.23152           3     1.04033
     2.25717           3     1.04156
     2.28282           3      1.0301
     2.30847           3    0.976227
     2.33412           3    0.978761
     2.35977           3    0.971192
     2.38542           3    0.933423
     2.41107           3    0.923588
     2.43672           3    0.900547
     2.46237           3    0.896316
     2.48802           3    0.866404
     2.51366           3     0.85402
     2.53931           3    0.842751
           0           4           0
   0.0256496           4           0
   0.0512993           4           0
   0.0769489           4           0
    0.102599           4           0
    0.128248           4           0
    0.153898           4           0
    0.179547           4           0
    0.205197           4           0
    0.230847           4           0
    0.256496           4           0
    0.282146           4           0
    0.307796           4           0
    0.333445           4           0
    0.359095           4           0
    0.384745           4           0
    0.410394           4           0
    0.436044           4           0
    0.461694           4           0
    0.487343           4           0
    0.512993           4           0
    0.538642           4           0
    0.564292           4           0
    0.589942           4           0
    0.615591           4           0
    0.641241           4           0
    0.666891           4           0
     0.69254           4           0
     0.71819           4           0
     0.74384           4           0
    0.769489           4           0
    0.795139           4           0
    0.820788           4           0
    0.846438           4           0
    0.872088           4           0
    0.897737           4  0.00190546
    0.923387           4   0.0181887
    0.949037           4    0.159276
    0.974686           4    0.520749
     1.00034           4     1.09514
     1.02599           4     1.70305
     1.05164           4     2.17926
     1.07728           4     2.45295
     1.10293           4     2.33764
     1.12858           4     2.24691
     1.15423           4     2.07426
     1.17988           4     1.88701
     1.20553           4     1.69291
     1.23118           4     1.49628
     1.25683           4      1.2845
     1.28248           4     1.19842
     1.30813           4     1.06617
     1.33378           4    0.978299
     1.35943           4    0.884064
     1.38508           4    0.811955
     1.41073           4    0.777431
     1.43638           4    0.692983
     1.46203           4    0.657682
     1.48768           4    0.657781
     1.51333           4    0.650195
     1.53898           4    0.630266
     1.56463           4    0.623313
     1.59028           4    0.629557
     1.61593           4    0.624246
     1.64158           4    0.633574
     1.66723           4    0.627684
     1.69288           4     0.67452
     1.71853           4    0.699412
     1.74418           4    0.714466
     1.76983           4    0.754122
     1.79547           4    0.769503
     1.82112           4    0.782581
     1.84677           4    0.820713
     1.87242           4    0.850705
     1.89807           4    0.877582
     1.92372           4    0.937225
     1.94937           4    0.977616
     1.97502           4     1.01621
     2.00067           4     1.05696
     2.02632           4     1.10567
     2.05197           4      1.1017
     2.07762           4     1.09989
     2.10327           4     1.14251
     2.12892           4      1.1421
     2.15457           4      1.1318
     2.18022           4     1.12462
     2.20587           4     1.10798
     2.23152           4      1.1046
     2.25717           4     1.06222
     2.28282           4     1.00451
     2.30847           4    0.995339
     2.33412           4    0.944849
     2.35977           4    0.923031
     2.38542           4    0.903431
     2.41107           4    0.889918
     2.43672           4    0.879632
     2.46237           4    0.864051
     2.48802           4    0.834568
     2.51366           4     0.82366
     2.53931           4    0.810004
           0           5           0
   0.0256496           5           0
   0.0512993           5           0
   0.0769489           5           0
    0.102599           5           0
    0.128248           5           0
    0.153898           5           0
    0.179547           5           0
    0.205197           5           0
    0.230847           5           0
    0.256496           5           0
    0.282146           5           0
    0.307796           5           0
    0.333445           5           0
    0.359095           5           0
    0.384745           5           0
    0.410394           5           0
    0.436044           5           0
    0.461694           5           0
    0.487343           5           0
    0.512993           5           0
    0.538642           5           0
    0.564292           5           0
    0.589942           5           0
    0.615591           5           0
    0.641241           5           0
    0.666891           5           0
     0.69254           5           0
     0.71819           5           0
     0.74384           5           0
    0.769489           5           0
    0.795139           5           0
    0.820788           5           0
    0.846438           5           0
    0.872088           5           0
    0.897737           5  0.00238183
    0.923387           5   0.0225311
    0.949037           5    0.167465
    0.974686           5    0.485917
     1.00034           5     1.07426
     1.02599           5     1.69573
     1.05164           5      2.0697
     1.07728           5     2.30628
     1.10293           5      2.3507
     1.12858           5     2.29387
     1.15423           5      2.0892
     1.17988           5     1.93951
     1.20553           5     1.70036
     1.23118           5     1.49489
     1.25683           5     1.35714
     1.28248           5     1.20043
     1.30813           5     1.06526
     1.33378           5    0.964577
     1.35943           5    0.932193
     1.38508           5    0.864029
     1.41073           5    0.812957
     1.43638           5    0.749489
     1.46203           5    0.707866
     1.48768           5    0.661545
     1.51333           5    0.629228
     1.53898           5    0.613267
     1.56463           5    0.607902
     1.59028           5    0.599852
     1.61593           5    0.605405
     1.64158           5    0.611193
     1.66723           5    0.644794
     1.69288           5    0.645566
     1.71853           5    0.652084
     1.74418           5    0.704882
     1.76983           5    0.724473
     1.79547           5    0.728532
     1.82112           5    0.770656
     1.84677           5    0.798512
     1.87242           5    0.822123
     1.89807           5    0.863923
     1.92372           5    0.934324
     1.94937           5    0.998255
     1.97502           5     1.01904
     2.00067           5     1.06232
     2.02632           5     1.10912
     2.05197           5     1.12719
     2.07762           5     1.13258
     2.10327           5      1.1441
     2.12892           5     1.16767
     2.15457           5       1.142
     2.18022           5     1.13628
     2.20587           5     1.12928
     2.23152           5     1.08325
     2.25717           5      1.0806
     2.28282           5      1.0588
     2.30847           5     1.01145
     2.33412           5    0.970241
     2.35977           5     0.94241
     2.38542           5    0.891007
     2.41107           5    0.862605
     2.43672           5    0.846855
     2.46237           5    0.843526
     2.48802           5    0.836864
     2.51366           5    0.830118
     2.53931           5    0.830716
           0           6           0
   0.0256496           6           0
   0.0512993           6           0
   0.0769489           6           0
    0.102599           6           0
    0.128248           6           0
    0.153898           6           0
    0.179547           6           0
    0.205197           6           0
    0.230847           6           0
    0.256496           6           0
    0.282146           6           0
    0.307796           6           0
    0.333445           6           0
    0.359095           6           0
    0.384745           6           0
    0.410394           6           0
    0.436044           6           0
    0.461694           6           0
    0.487343           6           0
    0.512993           6           0
    0.538642           6           0
    0.564292           6           0
    0.589942           6           0
    0.615591           6           0
    0.641241           6           0
    0.666891           6           0
     0.69254           6           0
     0.71819           6           0
     0.74384           6           0
    0.769489           6           0
    0.795139           6           0
    0.820788           6           0
    0.846438           6           0
    0.872088           6           0
    0.897737           6 0.000779506
    0.923387           6   0.0204009
    0.949037           6    0.161023
    0.974686           6    0.528555
     1.00034           6     1.11435
     1.02599           6     1.66605
     1.05164           6      2.2151
     1.07728           6     2.40899
     1.10293           6     2.41745
     1.12858           6     2.35847
     1.15423           6     2.03816
     1.17988           6     1.76479
     1.20553           6     1.62269
     1.23118           6     1.46923
     1.25683           6     1.28613
     1.28248           6     1.21565
     1.30813           6     1.07502
     1.33378           6     0.97626
     1.35943           6    0.865644
     1.38508           6    0.780883
     1.41073           6    0.755513
     1.43638           6     0.72186
     1.46203           6    0.703508
     1.48768           6    0.677047
     1.51333           6    0.683757
     1.53898           6    0.656405
     1.56463           6    0.627931
     1.59028           6     0.60287
     1.61593           6    0.622527
     1.64158           6    0.639937
     1.66723           6    0.622417
     1.69288           6    0.655823
     1.71853           6    0.667944
     1.74418           6    0.700613
     1.76983           6    0.737772
     1.79547           6     0.75951
     1.82112           6     0.76077
     1.84677           6    0.834564
     1.87242           6    0.869052
     1.89807           6    0.904044
     1.92372           6    0.942233
     1.94937           6    0.988528
     1.97502           6     1.04762
     2.00067           6     1.05374
     2.02632           6     1.11491
     2.05197           6      1.1447
     2.07762           6       1.118
     2.10327           6     1.14271
     2.12892           6     1.15025
     2.15457           6     1.12473
     2.18022           6     1.07401
     2.20587           6      1.1198
     2.23152           6     1.06455
     2.25717           6     1.02806
     2.28282           6      1.0121
     2.30847           6    0.980485
     2.33412           6    0.972718
     2.35977           6    0.934839
     2.38542           6    0.912371
     2.41107           6    0.873985
     2.43672           6    0.882761
     2.46237           6    0.848519
     2.48802           6    0.830554
     2.51366           6    0.834393
     2.53931           6    0.827541
           0           7           0
   0.0256496           7           0
   0.0512993           7           0
   0.0769489           7           0
    0.102599           7           0
    0.128248           7           0
    0.153898           7           0
    0.179547           7           0
    0.205197           7           0
    0.230847           7           0
    0.256496           7           0
    0.282146           7           0
    0.307796           7           0
    0.333445           7           0
    0.359095           7           0
    0.384745           7           0
    0.410394           7           0
    0.436044           7           0
    0.461694           7           0
    0.487343           7           0
    0.512993           7           0
    0.538642           7           0
    0.564292           7           0
    0.589942           7           0
    0.615591           7           0
    0.641241           7           0
    0.666891           7           0
     0.69254           7           0
     0.71819           7           0
     0.74384           7           0
    0.769489           7           0
    0.795139           7           0
    0.820788           7           0
    0.846438           7           0
    0.872088           7           0
    0.897737           7           0
    0.923387           7   0.0183936
    0.949037           7     0.15819
    0.974686           7    0.512427
     1.00034           7     1.11938
     1.02599           7     1.69087
     1.05164           7     2.12355
     1.07728           7     2.45966
     1.10293           7     2.43244
     1.12858           7     2.28737
     1.15423           7     2.08543
     1.17988           7     1.86245
     1.20553           7     1.65505
     1.23118           7     1.50452
     1.25683           7     1.28709
     1.28248           7      1.1395
     1.30813           7     1.04578
     1.33378           7     0.90737
     1.35943           7    0.880594
     1.38508           7    0.836155
     1.41073           7    0.783296
     1.43638           7     0.71208
     1.46203           7    0.643568
     1.48768           7    0.651322
     1.51333           7    0.636659
     1.53898           7     0.63204
     1.56463           7    0.641091
     1.59028           7    0.639114
     1.61593           7    0.644252
     1.64158           7    0.638206
     1.66723           7    0.660518
     1.69288           7    0.644357
     1.71853           7    0.693291
     1.74418           7    0.725726
     1.76983           7    0.753297
     1.79547           7     0.74563
     1.82112           7    0.797773
     1.84677           7    0.832072
     1.87242           7    0.882469
     1.89807           7    0.909836
     1.92372           7    0.965624
     1.94937           7     1.00219
     1.97502           7     1.05959
     2.00067           7      1.0671
     2.02632           7     1.08724
     2.05197           7     1.08176
     2.07762           7     1.11034
     2.10327           7     1.11039
     2.12892           7     1.11442
     2.15457           7       1.094
     2.18022           7     1.08673
     2.20587           7     1.06298
     2.23152           7     1.05818
     2.25717           7     1.03865
     2.28282           7     1.01741
     2.30847           7    0.984984
     2.33412           7    0.975834
     2.35977           7    0.968526
     2.38542           7    0.929945
     2.41107           7    0.896929
     2.43672           7    0.845455
     2.46237           7    0.843666
     2.48802           7    0.863326
     2.51366           7    0.830596
     2.53931           7    0.832916
           0           8           0
   0.0256496           8           0
   0.0512993           8           0
   0.0769489           8           0
    0.102599           8           0
    0.128248           8           0
    0.153898           8           0
    0.179547           8           0
    0.205197           8           0
    0.230847           8           0
    0.256496           8           0
    0.282146           8           0
    0.307796           8           0
    0.333445           8           0
    0.359095           8           0
    0.384745           8           0
    0.410394           8           0
    0.436044           8           0
    0.461694           8           0
    0.487343           8           0
    0.512993           8           0
    0.538642           8           0
    0.564292           8           0
    0.589942           8           0
    0.615591           8           0
    0.641241           8           0
    0.666891           8           0
     0.69254           8           0
     0.71819           8           0
     0.74384           8           0
    0.769489           8           0
    0.795139           8           0
    0.820788           8           0
    0.846438           8           0
    0.872088           8           0
    0.897737           8   0.0014724
    0.923387           8   0.0236781
    0.949037           8    0.166961
    0.974686           8     0.54192
     1.00034           8     1.14537
     1.02599           8     1.75369
     1.05164           8     2.17957
     1.07728           8     2.29078
     1.10293           8     2.38878
     1.12858           8     2.26909
     1.15423           8      2.0954
     1.17988           8     1.87232
     1.20553           8     1.63764
     1.23118           8     1.49586
     1.25683           8     1.29571
     1.28248           8      1.1544
     1.30813           8     1.00907
     1.33378           8    0.927607
     1.35943           8    0.893065
     1.38508           8    0.818919
     1.41073           8    0.760492
     1.43638           8    0.713841
     1.46203           8    0.682576
     1.48768           8    0.660525
     1.51333           8    0.660863
     1.53898           8    0.657672
     1.56463           8    0.633587
     1.59028           8    0.668595
     1.61593           8    0.635725
     1.64158           8    0.647927
     1.66723           8    0.649603
     1.69288           8    0.644777
     1.71853           8    0.684379
     1.74418           8    0.729727
     1.76983           8     0.75967
     1.79547           8    0.779265
     1.82112           8      0.8001
     1.84677           8    0.848209
     1.87242           8    0.859989
     1.89807           8    0.906994
     1.92372           8    0.973849
     1.94937           8      1.0024
     1.97502           8     1.01954
     2.00067           8     1.04702
     2.02632           8     1.06119
     2.05197           8     1.06579
     2.07762           8     1.07563
     2.10327           8      1.0942
     2.12892           8     1.09518
     2.15457           8     1.11742
     2.18022           8     1.08906
     2.20587           8     1.06499
     2.23152           8     1.08351
     2.25717           8     1.06557
     2.28282           8     1.03135
     2.30847           8     1.01534
     2.33412           8    0.964986
     2.35977           8    0.926865
     2.38542           8    0.882491
     2.41107           8    0.856933
     2.43672           8    0.861607
     2.46237           8    0.864678
     2.48802           8    0.859015
     2.51366           8    0.854757
     2.53931           8    0.859047
           0           9           0
   0.0256496           9           0
   0.0512993           9           0
   0.0769489           9           0
    0.102599           9           0
    0.128248           9           0
    0.153898           9           0
    0.179547           9           0
    0.205197           9           0
    0.230847           9           0
    0.256496           9           0
    0.282146           9           0
    0.307796           9           0
    0.333445           9           0
    0.359095           9           0
    0.384745           9           0
    0.410394           9           0
    0.436044           9           0
    0.461694           9           0
    0.487343           9           0
    0.512993           9           0
    0.538642           9           0
    0.564292           9           0
    0.589942           9           0
    0.615591           9           0
    0.641241           9           0
    0.666891           9           0
     0.69254           9           0
     0.71819           9           0
     0.74384           9           0
    0.769489           9           0
    0.795139           9           0
    0.820788           9           0
    0.846438           9           0
    0.872088           9           0
    0.897737           9  0.00151571
    0.923387           9   0.0229408
    0.949037           9    0.163313
    0.974686           9    0.518208
     1.00034           9     1.11106
     1.02599           9     1.70344
     1.05164           9     2.17796
     1.07728           9     2.42277
     1.10293           9     2.44378
     1.12858           9     2.34833
     1.15423           9     2.07476
     1.17988           9     1.87239
     1.20553           9     1.68752
     1.23118           9     1.50452
     1.25683           9     1.31941
     1.28248           9     1.17515
     1.30813           9     1.02067
     1.33378           9    0.909568
     1.35943           9    0.827165
     1.38508           9    0.801499
     1.41073           9    0.730901
     1.43638           9    0.705737
     1.46203           9    0.664632
     1.48768           9     0.65582
     1.51333           9    0.605626
     1.53898           9    0.640197
     1.56463           9    0.660255
     1.59028           9    0.637787
     1.61593           9    0.623732
     1.64158           9     0.62998
     1.66723           9    0.640367
     1.69288           9    0.663092
     1.71853           9    0.674772
     1.74418           9     0.68327
     1.76983           9     0.71019
     1.79547           9    0.763518
     1.82112           9    0.799001
     1.84677           9    0.845384
     1.87242           9    0.865516
     1.89807           9    0.942907
     1.92372           9     1.00216
     1.94937           9      1.0155
     1.97502           9     1.05424
     2.00067           9      1.1019
     2.02632           9     1.10222
     2.05197           9     1.13386
     2.07762           9     1.13672
     2.10327           9     1.13071
     2.12892           9     1.09384
     2.15457           9     1.11611
     2.18022           9     1.09736
     2.20587           9        1.09
     2.23152           9     1.04952
     2.25717           9     1.00548
     2.28282           9    0.997401
     2.30847           9    0.953423
     2.33412           9     0.92417
     2.35977           9    0.888911
     2.38542           9    0.881498
     2.41107           9    0.878587
     2.43672           9    0.874898
     2.46237           9    0.888239
     2.48802           9    0.859342
     2.51366           9     0.82915
     2.53931           9    0.852873
           0          10           0
   0.0256496          10           0
   0.0512993          10           0
   0.0769489          10           0
    0.102599          10           0
    0.128248          10           0
    0.153898          10           0
    0.179547          10           0
    0.205197          10           0
    0.230847          10           0
    0.256496          10           0
    0.282146          10           0
    0.307796          10           0
    0.333445          10           0
    0.359095          10           0
    0.384745          10           0
    0.410394          10           0
    0.436044          10           0
    0.461694          10           0
    0.487343          10           0
    0.512993          10           0
    0.538642          10           0
    0.564292          10           0
    0.589942          10           0
    0.615591          10           0
    0.641241          10           0
    0.666891          10           0
     0.69254          10           0
     0.71819          10           0
     0.74384          10           0
    0.769489          10           0
    0.795139          10           0
    0.820788          10           0
    0.846438          10           0
    0.872088          10           0
    0.897737          10  0.00108265
    0.923387          10   0.0251119
    0.949037          10    0.154619
    0.974686          10    0.533783
     1.00034          10     1.09441
     1.02599          10     1.64415
     1.05164          10      2.1391
     1.07728          10     2.41243
     1.10293          10     2.38927
     1.12858          10     2.24123
     1.15423          10     2.08469
     1.17988          10     1.97697
     1.20553          10     1.68437
     1.23118          10     1.44806
     1.25683          10     1.29081
     1.28248          10     1.18904
     1.30813          10     1.07988
     1.33378          10    0.966993
     1.35943          10    0.898842
     1.38508          10    0.830752
     1.41073          10    0.788151
     1.43638          10    0.730152
     1.46203          10    0.693537
     1.48768          10    0.668642
     1.51333          10    0.625513
     1.53898          10    0.594986
     1.56463          10     0.60946
     1.59028          10    0.611114
     1.61593          10    0.580053
     1.64158          10    0.632407
     1.66723          10    0.655391
     1.69288          10    0.659994
     1.71853          10    0.692033
     1.74418          10    0.731251
     1.76983          10    0.739309
     1.79547          10    0.759038
     1.82112          10    0.801777
     1.84677          10    0.840348
     1.87242          10    0.872315
     1.89807          10    0.903415
     1.92372          10     0.91279
     1.94937          10     0.97812
     1.97502          10      1.0391
     2.00067          10     1.03543
     2.02632          10     1.08427
     2.05197          10     1.11293
     2.07762          10        1.11
     2.10327          10     1.11631
     2.12892          10     1.14215
     2.15457          10      1.1166
     2.18022          10     1.09439
     2.20587          10     1.07382
     2.23152          10     1.04995
     2.25717          10     1.06325
     2.28282          10     1.01463
     2.30847          10      1.0023
     2.33412          10    0.984081
     2.35977          10    0.951379
     2.38542          10    0.933279
     2.41107          10     0.89152
     2.43672          10    0.876981
     2.46237          10    0.858272
     2.48802          10    0.871152
     2.51366          10    0.872933
     2.53931          10    0.861457
           0          11           0
   0.0256496          11           0
   0.0512993          11           0
   0.0769489          11           0
    0.102599          11           0
    0.128248          11           0
    0.153898          11           0
    0.179547          11           0
    0.205197          11           0
    0.230847          11           0
    0.256496          11           0
    0.282146          11           0
    0.307796          11           0
    0.333445          11           0
    0.359095          11           0
    0.384745          11           0
    0.410394          11           0
    0.436044          11           0
    0.461694          11           0
    0.487343          11           0
    0.512993          11           0
    0.538642          11           0
    0.564292          11           0
    0.589942          11           0
    0.615591          11           0
    0.641241          11           0
    0.666891          11           0
     0.69254          11           0
     0.71819          11           0
     0.74384          11           0
    0.769489          11           0
    0.795139          11           0
    0.820788          11           0
    0.846438          11           0
    0.872088          11           0
    0.897737          11 0.000822812
    0.923387          11   0.0309291
    0.949037          11    0.165641
    0.974686          11    0.534299
     1.00034          11     1.10931
     1.02599          11      1.7459
     1.05164          11      2.2272
     1.07728          11     2.37669
     1.10293          11     2.34098
     1.12858          11     2.23599
     1.15423          11     2.03513
     1.17988          11     1.81088
     1.20553          11     1.61705
     1.23118          11     1.50066
     1.25683          11     1.36507
     1.28248          11     1.22339
     1.30813          11     1.07113
     1.33378          11    0.981784
     1.35943          11    0.930763
     1.38508          11    0.836724
     1.41073          11    0.760988
     1.43638          11    0.698454
     1.46203          11     0.69187
     1.48768          11    0.688769
     1.51333          11    0.636921
     1.53898          11    0.592212
     1.56463          11    0.619951
     1.59028          11    0.623996
     1.61593          11    0.622365
     1.64158          11    0.631948
     1.66723          11    0.654513
     1.69288          11    0.683431
     1.71853          11    0.681168
     1.74418          11    0.705254
     1.76983          11    0.721704
     1.79547          11    0.762782
     1.82112          11    0.782869
     1.84677          11    0.838894
     1.87242          11    0.856585
     1.89807          11    0.901271
     1.92372          11    0.946034
     1.94937          11    0.971843
     1.97502          11     1.03408
     2.00067          11      1.0653
     2.02632          11     1.06762
     2.05197          11     1.10205
     2.07762          11     1.09513
     2.10327          11     1.09895
     2.12892          11     1.12981
     2.15457          11     1.13587
     2.18022          11     1.09483
     2.20587          11     1.08471
     2.23152          11     1.07042
     2.25717          11     1.04985
     2.28282          11     1.01865
     2.30847          11    0.998098
     2.33412          11    0.970202
     2.35977          11    0.939725
     2.38542          11    0.921068
     2.41107          11     0.90738
     2.43672          11    0.876939
     2.46237          11    0.869361
     2.48802          11    0.876939
     2.51366          11    0.870503
     2.53931          11    0.852145
           0          12           0
   0.0256496          12           0
   0.0512993          12           0
   0.0769489          12           0
    0.102599          12           0
    0.128248          12           0
    0.153898          12           0
    0.179547          12           0
    0.205197          12           0
    0.230847          12           0
    0.256496          12           0
    0.282146          12           0
    0.307796          12           0
    0.333445          12           0
    0.359095          12           0
    0.384745          12           0
    0.410394          12           0
    0.436044          12           0
    0.461694          12           0
    0.487343          12           0
    0.512993          12           0
    0.538642          12           0
    0.564292          12           0
    0.589942          12           0
    0.615591          12           0
    0.641241          12           0
    0.666891          12           0
     0.69254          12           0
     0.71819          12           0
     0.74384          12           0
    0.769489          12           0
    0.795139          12           0
    0.820788          12           0
    0.846438          12           0
    0.872088          12           0
    0.897737          12           0
    0.923387          12   0.0241697
    0.949037          12    0.146663
    0.974686          12    0.515152
     1.00034          12     1.11543
     1.02599          12     1.74653
     1.05164          12     2.15888
     1.07728          12     2.35112
     1.10293          12      2.3036
     1.12858          12     2.25881
     1.15423          12     2.01613
     1.17988          12     1.87646
     1.20553          12     1.63203
     1.23118          12     1.49227
     1.25683          12      1.3289
     1.28248          12     1.19773
     1.30813          12     1.05417
     1.33378          12    0.971349
     1.35943          12    0.914002
     1.38508          12    0.820775
     1.41073          12    0.800501
     1.43638          12    0.758704
     1.46203          12    0.693834
     1.48768          12    0.683346
     1.51333          12    0.636644
     1.53898          12    0.641225
     1.56463          12    0.635766
     1.59028          12     0.63523
     1.61593          12      0.6305
     1.64158          12    0.644621
     1.66723          12    0.623282
     1.69288          12    0.634644
     1.71853          12     0.66102
     1.74418          12    0.707476
     1.76983          12    0.729817
     1.79547          12    0.761223
     1.82112          12    0.817364
     1.84677          12    0.839819
     1.87242          12    0.884752
     1.89807          12    0.921056
     1.92372          12    0.966572
     1.94937          12    0.970985
     1.97502          12    0.999194
     2.00067          12     1.01968
     2.02632          12     1.06692
     2.05197          12     1.09633
     2.07762          12     1.13296
     2.10327          12     1.13582
     2.12892          12     1.10676
     2.15457          12     1.11212
     2.18022          12     1.09881
     2.20587          12     1.08181
     2.23152          12     1.07261
     2.25717          12     1.06156
     2.28282          12     1.04081
     2.30847          12     1.00374
     2.33412          12    0.961368
     2.35977          12    0.933053
     2.38542          12    0.898692
     2.41107          12    0.894716
     2.43672          12    0.888985
     2.46237          12    0.883123
     2.48802          12    0.852309
     2.51366          12     0.83517
     2.53931          12     0.80114
           0          13           0
   0.0256496          13           0
   0.0512993          13           0
   0.0769489          13           0
    0.102599          13           0
    0.128248          13           0
    0.153898          13           0
    0.179547          13           0
    0.205197          13           0
    0.230847          13           0
    0.256496          13           0
    0.282146          13           0
    0.307796          13           0
    0.333445          13           0
    0.359095          13           0
    0.384745          13           0
    0.410394          13           0
    0.436044          13           0
    0.461694          13           0
    0.487343          13           0
    0.512993          13           0
    0.538642          13           0
    0.564292          13           0
    0.589942          13           0
    0.615591          13           0
    0.641241          13           0
    0.666891          13           0
     0.69254          13           0
     0.71819          13           0
     0.74384          13           0
    0.769489          13           0
    0.795139          13           0
    0.820788          13           0
    0.846438          13           0
    0.872088          13           0
    0.897737          13   0.0014724
    0.923387          13   0.0204009
    0.949037          13    0.152407
    0.974686          13    0.496521
     1.00034          13     1.10455
     1.02599          13     1.75951
     1.05164          13     2.26542
     1.07728          13     2.41047
     1.10293          13     2.42304
     1.12858          13     2.28219
     1.15423          13     2.02388
     1.17988          13        1.86
     1.20553          13     1.65065
     1.23118          13     1.48289
     1.25683          13     1.32702
     1.28248          13     1.14277
     1.30813          13     1.02927
     1.33378          13    0.985864
     1.35943          13    0.898919
     1.38508          13    0.823568
     1.41073          13    0.760031
     1.43638          13    0.712986
     1.46203          13    0.678383
     1.48768          13    0.668259
     1.51333          13    0.635272
     1.53898          13    0.620827
     1.56463          13    0.615175
     1.59028          13    0.617695
     1.61593          13    0.612254
     1.64158          13    0.615077
     1.66723          13    0.633752
     1.69288          13    0.667535
     1.71853          13    0.703629
     1.74418          13    0.715606
     1.76983          13     0.73584
     1.79547          13     0.75705
     1.82112          13    0.792414
     1.84677          13    0.830608
     1.87242          13    0.872416
     1.89807          13    0.918362
     1.92372          13    0.967702
     1.94937          13     1.03175
     1.97502          13     1.07659
     2.00067          13     1.04872
     2.02632          13      1.0841
     2.05197          13     1.12754
     2.07762          13     1.11476
     2.10327          13      1.1225
     2.12892          13     1.11462
     2.15457          13      1.1251
     2.18022          13     1.09608
     2.20587          13     1.06624
     2.23152          13     1.05528
     2.25717          13      1.0403
     2.28282          13     1.01389
     2.30847          13    0.963112
     2.33412          13    0.941655
     2.35977          13    0.925934
     2.38542          13    0.914238
     2.41107          13    0.895284
     2.43672          13    0.861732
     2.46237          13    0.847001
     2.48802          13    0.839953
     2.51366          13    0.843546
     2.53931          13    0.825347
           0          14           0
   0.0256496          14           0
   0.0512993          14           0
   0.0769489          14           0
    0.102599          14           0
    0.128248          14           0
    0.153898          14           0
    0.179547          14           0
    0.205197          14           0
    0.230847          14           0
    0.256496          14           0
    0.282146          14           0
    0.307796          14           0
    0.333445          14           0
    0.359095          14           0
    0.384745          14           0
    0.410394          14           0
    0.436044          14           0
    0.461694          14           0
    0.487343          14           0
    0.512993          14           0
    0.538642          14           0
    0.564292          14           0
    0.589942          14           0
    0.615591          14           0
    0.641241          14           0
    0.666891          14           0
     0.69254          14           0
     0.71819          14           0
     0.74384          14           0
    0.769489          14           0
    0.795139          14           0
    0.820788          14           0
    0.846438          14           0
    0.872088          14           0
    0.897737          14  0.00155901
    0.923387          14    0.022654
    0.949037          14    0.168048
    0.974686          14     0.54737
     1.00034          14     1.15114
     1.02599          14     1.81039
     1.05164          14     2.17929
     1.07728          14     2.33384
     1.10293          14     2.30239
     1.12858          14     2.30616
     1.15423          14      2.0713
     1.17988          14     1.84213
     1.20553          14     1.65868
     1.23118          14     1.42328
     1.25683          14      1.2962
     1.28248          14     1.15827
     1.30813          14     1.03207
     1.33378          14    0.980695
     1.35943          14    0.870545
     1.38508          14    0.813755
     1.41073          14    0.749471
     1.43638          14    0.722749
     1.46203          14    0.675725
     1.48768          14    0.663284
     1.51333          14    0.638571
     1.53898          14    0.653751
     1.56463          14     0.61643
     1.59028          14    0.632324
     1.61593          14    0.639609
     1.64158          14     0.62081
     1.66723          14    0.640202
     1.69288          14    0.673076
     1.71853          14     0.69988
     1.74418          14    0.734903
     1.76983          14     0.75558
     1.79547          14     0.78771
     1.82112          14    0.866442
     1.84677          14    0.877272
     1.87242          14    0.889005
     1.89807          14    0.949426
     1.92372          14    0.971283
     1.94937          14     1.00448
     1.97502          14     1.02842
     2.00067          14     1.05034
     2.02632          14     1.05235
     2.05197          14     1.09011
     2.07762          14     1.09533
     2.10327          14     1.07878
     2.12892          14     1.07829
     2.15457          14      1.1019
     2.18022          14     1.08389
     2.20587          14     1.05899
     2.23152          14     1.05281
     2.25717          14     1.02348
     2.28282          14    0.990601
     2.30847          14    0.965905
     2.33412          14    0.955273
     2.35977          14    0.944196
     2.38542          14    0.898055
     2.41107          14    0.869426
     2.43672          14    0.856747
     2.46237          14    0.850084
     2.48802          14    0.838862
     2.51366          14    0.846623
     2.53931          14    0.843744
           0          15           0
   0.0256496          15           0
   0.0512993          15           0
   0.0769489          15           0
    0.102599          15           0
    0.128248          15           0
    0.153898          15           0
    0.179547          15           0
    0.205197          15           0
    0.230847          15           0
    0.256496          15           0
    0.282146          15           0
    0.307796          15           0
    0.333445          15           0
    0.359095          15           0
    0.384745          15           0
    0.410394          15           0
    0.436044          15           0
    0.461694          15           0
    0.487343          15           0
    0.512993          15           0
    0.538642          15           0
    0.564292          15           0
    0.589942          15           0
    0.615591          15           0
    0.641241          15           0
    0.666891          15           0
     0.69254          15           0
     0.71819          15           0
     0.74384          15           0
    0.769489          15           0
    0.795139          15           0
    0.820788          15           0
    0.846438          15           0
    0.872088          15           0
    0.897737          15           0
    0.923387          15   0.0280205
    0.949037          15    0.157142
    0.974686          15    0.498988
     1.00034          15     1.08983
     1.02599          15     1.63903
     1.05164          15     2.12839
     1.07728          15     2.37648
     1.10293          15     2.35451
     1.12858          15     2.25812
     1.15423          15     2.05825
     1.17988          15     1.94885
     1.20553          15     1.72472
     1.23118          15     1.55315
     1.25683          15     1.34282
     1.28248          15     1.20079
     1.30813          15     1.05808
     1.33378          15     0.95832
     1.35943          15    0.839044
     1.38508          15    0.790805
     1.41073          15    0.746104
     1.43638          15    0.719911
     1.46203          15    0.668363
     1.48768          15    0.649281
     1.51333          15    0.632173
     1.53898          15     0.62709
     1.56463          15    0.640889
     1.59028          15    0.653128
     1.61593          15    0.642709
     1.64158          15    0.643335
     1.66723          15    0.677565
     1.69288          15    0.675261
     1.71853          15    0.688619
     1.74418          15    0.704766
     1.76983          15    0.730021
     1.79547          15    0.735483
     1.82112          15    0.780841
     1.84677          15    0.814649
     1.87242          15    0.846623
     1.89807          15    0.890887
     1.92372          15    0.936938
     1.94937          15      1.0044
     1.97502          15     1.02788
     2.00067          15      1.0666
     2.02632          15      1.0984
     2.05197          15     1.11084
     2.07762          15     1.12093
     2.10327          15     1.09926
     2.12892          15     1.11007
     2.15457          15     1.13999
     2.18022          15      1.1309
     2.20587          15     1.07938
     2.23152          15     1.06675
     2.25717          15     1.04485
     2.28282          15     1.00394
     2.30847          15    0.956389
     2.33412          15    0.957881
     2.35977          15     0.93975
     2.38542          15    0.911534
     2.41107          15    0.902007
     2.43672          15    0.896424
     2.46237          15    0.881605
     2.48802          15    0.842479
     2.51366          15    0.855174
     2.53931          15    0.838264
           0          16           0
   0.0256496          16           0
   0.0512993          16           0
   0.0769489          16           0
    0.102599          16           0
    0.128248          16           0
    0.153898          16           0
    0.179547          16           0
    0.205197          16           0
    0.230847          16           0
    0.256496          16           0
    0.282146          16           0
    0.307796          16           0
    0.333445          16           0
    0.359095          16           0
    0.384745          16           0
    0.410394          16           0
    0.436044          16           0
    0.461694          16           0
    0.487343          16           0
    0.512993          16           0
    0.538642          16           0
    0.564292          16           0
    0.589942          16           0
    0.615591          16           0
    0.641241          16           0
    0.666891          16           0
     0.69254          16           0
     0.71819          16           0
     0.74384          16           0
    0.769489          16           0
    0.795139          16           0
    0.820788          16           0
    0.846438          16           0
    0.872088          16           0
    0.897737          16  0.00155901
    0.923387          16   0.0256445
    0.949037          16    0.164865
    0.974686          16    0.513458
     1.00034          16     1.12036
     1.02599          16     1.69656
     1.05164          16     2.11857
     1.07728          16     2.41558
     1.10293          16     2.46639
     1.12858          16     2.30319
     1.15423          16     2.08485
     1.17988          16     1.90177
     1.20553          16     1.62131
     1.23118          16     1.41273
     1.25683          16     1.27198
     1.28248          16      1.1377
     1.30813          16     1.02345
     1.33378          16     1.00139
     1.35943          16    0.909158
     1.38508          16    0.817339
     1.41073          16     0.78622
     1.43638          16     0.72704
     1.46203          16    0.672655
     1.48768          16     0.67558
     1.51333          16    0.668201
     1.53898          16    0.623571
     1.56463          16     0.63086
     1.59028          16    0.620978
     1.61593          16    0.609046
     1.64158          16    0.629534
     1.66723          16    0.641372
     1.69288          16    0.648417
     1.71853          16    0.676353
     1.74418          16    0.716583
     1.76983          16    0.751625
     1.79547          16    0.757017
     1.82112          16    0.783809
     1.84677          16    0.814586
     1.87242          16    0.859646
     1.89807          16    0.917792
     1.92372          16    0.969732
     1.94937          16    0.982009
     1.97502          16     1.03436
     2.00067          16     1.08444
     2.02632          16     1.10025
     2.05197          16     1.11728
     2.07762          16     1.09902
     2.10327          16     1.12363
     2.12892          16     1.11902
     2.15457          16     1.13764
     2.18022          16     1.13443
     2.20587          16      1.1008
     2.23152          16     1.08483
     2.25717          16     1.05814
     2.28282          16     1.02097
     2.30847          16    0.958195
     2.33412          16    0.964204
     2.35977          16    0.927841
     2.38542          16    0.906121
     2.41107          16    0.872763
     2.43672          16    0.857292
     2.46237          16    0.850272
     2.48802          16     0.83815
     2.51366          16    0.831963
     2.53931          16    0.827183
           0          17           0
   0.0256496          17           0
   0.0512993          17           0
   0.0769489          17           0
    0.102599          17           0
    0.128248          17           0
    0.153898          17           0
    0.179547          17           0
    0.205197          17           0
    0.230847          17           0
    0.256496          17           0
    0.282146          17           0
    0.307796          17           0
    0.333445          17           0
    0.359095          17           0
    0.384745          17           0
    0.410394          17           0
    0.436044          17           0
    0.461694          17           0
    0.487343          17           0
    0.512993          17           0
    0.538642          17           0
    0.564292          17           0
    0.589942          17           0
    0.615591          17           0
    0.641241          17           0
    0.666891          17           0
     0.69254          17           0
     0.71819          17           0
     0.74384          17           0
    0.769489          17           0
    0.795139          17           0
    0.820788          17           0
    0.846438          17           0
    0.872088          17           0
    0.897737          17   0.0022086
    0.923387          17   0.0247023
    0.949037          17    0.173015
    0.974686          17    0.518945
     1.00034          17     1.07377
     1.02599          17     1.62226
     1.05164          17     2.15042
     1.07728          17     2.37122
     1.10293          17     2.46481
     1.12858          17     2.23982
     1.15423          17     2.03107
     1.17988          17     1.91818
     1.20553          17     1.72482
     1.23118          17     1.55034
     1.25683          17     1.30014
     1.28248          17     1.13999
     1.30813          17     1.03215
     1.33378          17    0.954894
     1.35943          17    0.853517
     1.38508          17    0.782077
     1.41073          17    0.711535
     1.43638          17    0.710234
     1.46203          17    0.714667
     1.48768          17    0.705945
     1.51333          17    0.663623
     1.53898          17    0.652767
     1.56463          17    0.631914
     1.59028          17    0.626847
     1.61593          17    0.632706
     1.64158          17    0.626936
     1.66723          17    0.647033
     1.69288          17    0.667732
     1.71853          17    0.672112
     1.74418          17    0.711535
     1.76983          17    0.724179
     1.79547          17    0.751834
     1.82112          17    0.810627
     1.84677          17     0.84364
     1.87242          17    0.895047
     1.89807          17     0.95217
     1.92372          17    0.979278
     1.94937          17     1.02123
     1.97502          17     1.03848
     2.00067          17     1.06639
     2.02632          17     1.05644
     2.05197          17     1.08247
     2.07762          17     1.11453
     2.10327          17     1.13001
     2.12892          17     1.11207
     2.15457          17     1.11648
     2.18022          17     1.09185
     2.20587          17     1.08047
     2.23152          17     1.05687
     2.25717          17     1.02201
     2.28282          17    0.989851
     2.30847          17    0.962786
     2.33412          17    0.935129
     2.35977          17    0.899653
     2.38542          17     0.87337
     2.41107          17    0.873967
     2.43672          17    0.873779
     2.46237          17     0.86357
     2.48802          17    0.868683
     2.51366          17    0.866801
     2.53931          17    0.835628
           0          18           0
   0.0256496          18           0
   0.0512993          18           0
   0.0769489          18           0
    0.102599          18           0
    0.128248          18           0
    0.153898          18           0
    0.179547          18           0
    0.205197          18           0
    0.230847          18           0
    0.256496          18           0
    0.282146          18           0
    0.307796          18           0
    0.333445          18           0
    0.359095          18           0
    0.384745          18           0
    0.410394          18           0
    0.436044          18           0
    0.461694          18           0
    0.487343          18           0
    0.512993          18           0
    0.538642          18           0
    0.564292          18           0
    0.589942          18           0
    0.615591          18           0
    0.641241          18           0
    0.666891          18           0
     0.69254          18           0
     0.71819          18           0
     0.74384          18           0
    0.769489          18           0
    0.795139          18           0
    0.820788          18           0
    0.846438          18           0
    0.872088          18           0
    0.897737          18  0.00160232
    0.923387          18   0.0200322
    0.949037          18    0.146003
    0.974686          18    0.500387
     1.00034          18     1.16814
     1.02599          18     1.81425
     1.05164          18     2.19912
     1.07728          18     2.39044
     1.10293          18     2.33943
     1.12858          18     2.23023
     1.15423          18     2.09034
     1.17988          18     1.87714
     1.20553          18     1.69318
     1.23118          18     1.47674
     1.25683          18     1.31805
     1.28248          18      1.1572
     1.30813          18     1.05146
     1.33378          18    0.976557
     1.35943          18    0.869992
     1.38508          18    0.778457
     1.41073          18    0.762016
     1.43638          18    0.719364
     1.46203          18    0.678234
     1.48768          18    0.634098
     1.51333          18    0.604115
     1.53898          18    0.609017
     1.56463          18    0.621322
     1.59028          18    0.622781
     1.61593          18    0.613851
     1.64158          18    0.650918
     1.66723          18    0.640354
     1.69288          18    0.681901
     1.71853          18    0.692105
     1.74418          18    0.714501
     1.76983          18    0.759806
     1.79547          18    0.791729
     1.82112          18    0.815442
     1.84677          18    0.835063
     1.87242          18    0.878084
     1.89807          18     0.92853
     1.92372          18    0.957381
     1.94937          18    0.991419
     1.97502          18     1.02837
     2.00067          18     1.05224
     2.02632          18     1.07531
     2.05197          18     1.10011
     2.07762          18     1.11615
     2.10327          18     1.13583
     2.12892          18     1.12553
     2.15457          18     1.10716
     2.18022          18     1.08832
     2.20587          18     1.09358
     2.23152          18     1.06408
     2.25717          18     1.04297
     2.28282          18     1.02869
     2.30847          18    0.962619
     2.33412          18    0.949829
     2.35977          18     0.90866
     2.38542          18    0.905254
     2.41107          18    0.888342
     2.43672          18    0.869739
     2.46237          18    0.848888
     2.48802          18     0.85619
     2.51366          18     0.84367
     2.53931          18    0.833087
           0          19           0
   0.0256496          19           0
   0.0512993          19           0
   0.0769489          19           0
    0.102599          19           0
    0.128248          19           0
    0.153898          19           0
    0.179547          19           0
    0.205197          19           0
    0.230847          19           0
    0.256496          19           0
    0.282146          19           0
    0.307796          19           0
    0.333445          19           0
    0.359095          19           0
    0.384745          19           0
    0.410394          19           0
    0.436044          19           0
    0.461694          19           0
    0.487343          19           0
    0.512993          19           0
    0.538642          19           0
    0.564292          19           0
    0.589942          19           0
    0.615591          19           0
    0.641241          19           0
    0.666891          19           0
     0.69254          19           0
     0.71819          19           0
     0.74384          19           0
    0.769489          19           0
    0.795139          19           0
    0.820788          19           0
    0.846438          19           0
    0.872088          19           0
    0.897737          19 0.000173224
    0.923387          19   0.0153211
    0.949037          19    0.145188
    0.974686          19     0.52583
     1.00034          19     1.07041
     1.02599          19     1.66644
     1.05164          19     2.16566
     1.07728          19     2.36956
     1.10293          19     2.37095
     1.12858          19     2.25493
     1.15423          19     2.07096
     1.17988          19     1.91669
     1.20553          19     1.68488
     1.23118          19     1.51271
     1.25683          19     1.30272
     1.28248          19     1.17306
     1.30813          19     1.05961
     1.33378          19    0.996061
     1.35943          19    0.923574
     1.38508          19     0.86934
     1.41073          19    0.773958
     1.43638          19    0.730733
     1.46203          19    0.692464
     1.48768          19    0.677733
     1.51333          19     0.67258
     1.53898          19    0.627895
     1.56463          19    0.611278
     1.59028          19     0.62334
     1.61593          19    0.607868
     1.64158          19    0.625624
     1.66723          19    0.636449
     1.69288          19    0.647615
     1.71853          19    0.651161
     1.74418          19    0.672383
     1.76983          19    0.713286
     1.79547          19    0.749605
     1.82112          19    0.773698
     1.84677          19    0.812478
     1.87242          19    0.869506
     1.89807          19    0.914271
     1.92372          19    0.938882
     1.94937          19    0.973102
     1.97502          19      1.0202
     2.00067          19     1.08019
     2.02632          19     1.07993
     2.05197          19     1.08437
     2.07762          19     1.12159
     2.10327          19     1.13547
     2.12892          19     1.16173
     2.15457          19     1.13617
     2.18022          19     1.12258
     2.20587          19     1.10589
     2.23152          19      1.0831
     2.25717          19     1.08111
     2.28282          19     1.05079
     2.30847          19     1.00661
     2.33412          19    0.970847
     2.35977          19    0.935929
     2.38542          19    0.901089
     2.41107          19    0.883904
     2.43672          19    0.847382
     2.46237          19    0.829524
     2.48802          19    0.827747
     2.51366          19    0.822394
     2.53931          19    0.826924
           0          20           0
   0.0256496          20           0
   0.0512993          20           0
   0.0769489          20           0
    0.102599          20           0
    0.128248          20           0
    0.153898          20           0
    0.179547          20           0
    0.205197          20           0
    0.230847          20           0
    0.256496          20           0
    0.282146          20           0
    0.307796          20           0
    0.333445          20           0
    0.359095          20           0
    0.384745          20           0
    0.410394          20           0
    0.436044          20           0
    0.461694          20           0
    0.487343          20           0
    0.512993          20           0
    0.538642          20           0
    0.564292          20           0
    0.589942          20           0
    0.615591          20           0
    0.641241          20           0
    0.666891          20           0
     0.69254          20           0
     0.71819          20           0
     0.74384          20           0
    0.769489          20           0
    0.795139          20           0
    0.820788          20           0
    0.846438          20           0
    0.872088          20           0
    0.897737          20  0.00190546
    0.923387          20   0.0216708
    0.949037          20    0.168669
    0.974686          20     0.51622
     1.00034          20      1.0871
     1.02599          20     1.67686
     1.05164          20     2.14497
     1.07728          20     2.33774
     1.10293          20     2.38638
     1.12858          20     2.32262
     1.15423          20     2.08514
     1.17988          20      1.9048
     1.20553          20     1.74081
     1.23118          20     1.52169
     1.25683          20     1.36776
     1.28248          20     1.20871
     1.30813          20      1.0916
     1.33378          20      0.9403
     1.35943          20    0.859981
     1.38508          20    0.827757
     1.41073          20    0.761449
     1.43638          20     0.68693
     1.46203          20    0.643898
     1.48768          20     0.67491
     1.51333          20     0.63578
     1.53898          20    0.601502
     1.56463          20    0.582663
     1.59028          20    0.612078
     1.61593          20    0.596336
     1.64158          20    0.629927
     1.66723          20        0.62
     1.69288          20    0.635434
     1.71853          20    0.693974
     1.74418          20    0.700811
     1.76983          20    0.772348
     1.79547          20    0.814196
     1.82112          20    0.819019
     1.84677          20    0.865175
     1.87242          20    0.898583
     1.89807          20    0.920771
     1.92372          20    0.939341
     1.94937          20    0.980964
     1.97502          20     1.03094
     2.00067          20     1.05346
     2.02632          20     1.06274
     2.05197          20     1.09286
     2.07762          20     1.13295
     2.10327          20     1.12611
     2.12892          20     1.13366
     2.15457          20     1.13629
     2.18022          20     1.09366
     2.20587          20     1.06665
     2.23152          20     1.08976
     2.25717          20     1.04619
     2.28282          20     1.02964
     2.30847          20     1.00673
     2.33412          20    0.985534
     2.35977          20    0.945121
     2.38542          20    0.904155
     2.41107          20    0.877701
     2.43672          20    0.849632
     2.46237          20    0.817256
     2.48802          20    0.785748
     2.51366          20    0.803105
     2.53931          20    0.817541
