#DISTANCE:      BLOCK_NUMBER:        AVE_POFV:
           0           1  0.00405983
        0.13           1   0.0247151
        0.26           1   0.0641026
        0.39           1     0.12411
        0.52           1    0.175605
        0.65           1    0.245299
        0.78           1    0.340313
        0.91           1    0.404309
        1.04           1    0.473469
        1.17           1    0.543519
         1.3           1    0.588853
        1.43           1    0.595833
        1.56           1    0.584687
        1.69           1     0.55666
        1.82           1    0.501246
        1.95           1    0.470905
        2.08           1    0.391453
        2.21           1    0.357942
        2.34           1    0.276994
        2.47           1    0.235791
         2.6           1    0.201104
        2.73           1    0.148006
        2.86           1    0.115812
        2.99           1   0.0751068
        3.12           1   0.0549501
        3.25           1   0.0387108
        3.38           1   0.0379986
        3.51           1   0.0185541
        3.64           1   0.0110043
        3.77           1   0.0104345
         3.9           1  0.00722934
        4.03           1  0.00491453
        4.16           1  0.00384615
        4.29           1  0.00167379
        4.42           1  0.00178063
        4.55           1  0.00131766
        4.68           1           0
        4.81           1           0
        4.94           1           0
        5.07           1           0
         5.2           1           0
        5.33           1           0
        5.46           1           0
        5.59           1           0
        5.72           1           0
        5.85           1           0
        5.98           1           0
        6.11           1           0
        6.24           1           0
        6.37           1           0
         6.5           1           0
        6.63           1           0
        6.76           1           0
        6.89           1           0
        7.02           1           0
        7.15           1           0
        7.28           1           0
        7.41           1           0
        7.54           1           0
        7.67           1           0
           0           2  0.00331197
        0.13           2   0.0174501
        0.26           2   0.0673433
        0.39           2    0.130306
        0.52           2    0.183832
        0.65           2    0.263889
        0.78           2     0.34911
        0.91           2    0.400214
        1.04           2    0.459295
        1.17           2     0.50552
         1.3           2    0.573184
        1.43           2    0.555627
        1.56           2    0.558903
        1.69           2    0.560399
        1.82           2    0.507194
        1.95           2    0.483226
        2.08           2    0.415527
        2.21           2     0.34448
        2.34           2     0.30609
        2.47           2    0.247507
         2.6           2    0.199608
        2.73           2    0.146973
        2.86           2    0.112144
        2.99           2   0.0922721
        3.12           2    0.068661
        3.25           2   0.0445157
        3.38           2   0.0301282
        3.51           2   0.0257479
        3.64           2   0.0141738
        3.77           2  0.00836895
         3.9           2  0.00972222
        4.03           2  0.00363248
        4.16           2 0.000498575
        4.29           2 0.000997151
        4.42           2 0.000641026
        4.55           2 0.000569801
        4.68           2  0.00103276
        4.81           2 0.000213675
        4.94           2           0
        5.07           2           0
         5.2           2           0
        5.33           2           0
        5.46           2           0
        5.59           2           0
        5.72           2           0
        5.85           2           0
        5.98           2           0
        6.11           2           0
        6.24           2           0
        6.37           2           0
         6.5           2           0
        6.63           2           0
        6.76           2           0
        6.89           2           0
        7.02           2           0
        7.15           2           0
        7.28           2           0
        7.41           2           0
        7.54           2           0
        7.67           2           0
           0           3  0.00381054
        0.13           3   0.0250356
        0.26           3   0.0709758
        0.39           3    0.133725
        0.52           3    0.204345
        0.65           3    0.294516
        0.78           3    0.370085
        0.91           3     0.43604
        1.04           3    0.489281
        1.17           3    0.509865
         1.3           3    0.570762
        1.43           3     0.55438
        1.56           3     0.54391
        1.69           3    0.512999
        1.82           3    0.477991
        1.95           3    0.412749
        2.08           3    0.405377
        2.21           3    0.376745
        2.34           3    0.300748
        2.47           3    0.233369
         2.6           3     0.19302
        2.73           3    0.149608
        2.86           3    0.123575
        2.99           3   0.0819801
        3.12           3   0.0703348
        3.25           3   0.0448718
        3.38           3   0.0313746
        3.51           3   0.0285613
        3.64           3   0.0128561
        3.77           3  0.00918803
         3.9           3  0.00925926
        4.03           3  0.00584046
        4.16           3  0.00334758
        4.29           3  0.00178063
        4.42           3           0
        4.55           3           0
        4.68           3           0
        4.81           3           0
        4.94           3           0
        5.07           3           0
         5.2           3           0
        5.33           3           0
        5.46           3           0
        5.59           3           0
        5.72           3           0
        5.85           3           0
        5.98           3           0
        6.11           3           0
        6.24           3           0
        6.37           3           0
         6.5           3           0
        6.63           3           0
        6.76           3           0
        6.89           3           0
        7.02           3           0
        7.15           3           0
        7.28           3           0
        7.41           3           0
        7.54           3           0
        7.67           3           0
           0           4  0.00334758
        0.13           4   0.0277422
        0.26           4   0.0743946
        0.39           4     0.12963
        0.52           4    0.185969
        0.65           4    0.281481
        0.78           4    0.365812
        0.91           4     0.44651
        1.04           4     0.45958
        1.17           4    0.532657
         1.3           4    0.553276
        1.43           4    0.564138
        1.56           4    0.567984
        1.69           4    0.530805
        1.82           4    0.468519
        1.95           4    0.451887
        2.08           4    0.390634
        2.21           4    0.351603
        2.34           4    0.312821
        2.47           4     0.24505
         2.6           4    0.191204
        2.73           4    0.160328
        2.86           4    0.113675
        2.99           4   0.0773504
        3.12           4   0.0629986
        3.25           4   0.0382123
        3.38           4   0.0301638
        3.51           4       0.025
        3.64           4   0.0145299
        3.77           4   0.0108262
         3.9           4  0.00719373
        4.03           4  0.00576923
        4.16           4  0.00327635
        4.29           4  0.00210114
        4.42           4  0.00274217
        4.55           4   0.0017094
        4.68           4 0.000391738
        4.81           4 0.000997151
        4.94           4           0
        5.07           4           0
         5.2           4           0
        5.33           4           0
        5.46           4           0
        5.59           4           0
        5.72           4           0
        5.85           4           0
        5.98           4           0
        6.11           4           0
        6.24           4           0
        6.37           4           0
         6.5           4           0
        6.63           4           0
        6.76           4           0
        6.89           4           0
        7.02           4           0
        7.15           4           0
        7.28           4           0
        7.41           4           0
        7.54           4           0
        7.67           4           0
           0           5  0.00384615
        0.13           5   0.0256766
        0.26           5    0.080057
        0.39           5    0.149573
        0.52           5     0.21891
        0.65           5    0.295335
        0.78           5    0.370655
        0.91           5    0.404808
        1.04           5    0.472863
        1.17           5    0.540171
         1.3           5    0.577813
        1.43           5    0.554274
        1.56           5    0.503917
        1.69           5    0.526425
        1.82           5    0.481731
        1.95           5    0.430912
        2.08           5    0.386681
        2.21           5    0.327066
        2.34           5    0.269195
        2.47           5    0.230128
         2.6           5    0.187856
        2.73           5    0.175534
        2.86           5    0.138925
        2.99           5   0.0926282
        3.12           5   0.0660256
        3.25           5   0.0603989
        3.38           5   0.0418447
        3.51           5   0.0296296
        3.64           5   0.0125712
        3.77           5   0.0100783
         3.9           5   0.0106838
        4.03           5  0.00608974
        4.16           5  0.00445157
        4.29           5  0.00292023
        4.42           5   0.0017094
        4.55           5 0.000925926
        4.68           5           0
        4.81           5           0
        4.94           5           0
        5.07           5           0
         5.2           5           0
        5.33           5           0
        5.46           5           0
        5.59           5           0
        5.72           5           0
        5.85           5           0
        5.98           5           0
        6.11           5           0
        6.24           5           0
        6.37           5           0
         6.5           5           0
        6.63           5           0
        6.76           5           0
        6.89           5           0
        7.02           5           0
        7.15           5           0
        7.28           5           0
        7.41           5           0
        7.54           5           0
        7.67           5           0
           0           6  0.00409544
        0.13           6    0.022151
        0.26           6   0.0728632
        0.39           6    0.132977
        0.52           6    0.216667
        0.65           6    0.288889
        0.78           6    0.374715
        0.91           6    0.471047
        1.04           6    0.501211
        1.17           6    0.519444
         1.3           6    0.531517
        1.43           6    0.560328
        1.56           6    0.547507
        1.69           6    0.503953
        1.82           6    0.490028
        1.95           6    0.458191
        2.08           6    0.412536
        2.21           6    0.335007
        2.34           6    0.275819
        2.47           6    0.224751
         2.6           6    0.171652
        2.73           6    0.149288
        2.86           6    0.114744
        2.99           6   0.0848647
        3.12           6   0.0558761
        3.25           6   0.0526353
        3.38           6   0.0360755
        3.51           6   0.0267806
        3.64           6    0.016916
        3.77           6   0.0135684
         3.9           6  0.00762108
        4.03           6  0.00854701
        4.16           6  0.00637464
        4.29           6  0.00366809
        4.42           6           0
        4.55           6           0
        4.68           6           0
        4.81           6           0
        4.94           6           0
        5.07           6           0
         5.2           6           0
        5.33           6           0
        5.46           6           0
        5.59           6           0
        5.72           6           0
        5.85           6           0
        5.98           6           0
        6.11           6           0
        6.24           6           0
        6.37           6           0
         6.5           6           0
        6.63           6           0
        6.76           6           0
        6.89           6           0
        7.02           6           0
        7.15           6           0
        7.28           6           0
        7.41           6           0
        7.54           6           0
        7.67           6           0
           0           7  0.00544872
        0.13           7   0.0208333
        0.26           7   0.0668447
        0.39           7    0.162144
        0.52           7    0.224893
        0.65           7    0.283369
        0.78           7    0.347721
        0.91           7    0.423433
        1.04           7    0.470513
        1.17           7    0.545014
         1.3           7      0.5625
        1.43           7    0.555306
        1.56           7     0.56656
        1.69           7    0.535185
        1.82           7     0.48255
        1.95           7    0.429808
        2.08           7    0.377991
        2.21           7    0.315563
        2.34           7    0.269907
        2.47           7     0.24505
         2.6           7    0.187179
        2.73           7    0.163889
        2.86           7    0.120869
        2.99           7    0.102493
        3.12           7   0.0818732
        3.25           7   0.0483974
        3.38           7   0.0378561
        3.51           7   0.0228989
        3.64           7   0.0140313
        3.77           7  0.00890313
         3.9           7  0.00505698
        4.03           7  0.00395299
        4.16           7  0.00245726
        4.29           7  0.00131766
        4.42           7 0.000498575
        4.55           7           0
        4.68           7           0
        4.81           7           0
        4.94           7           0
        5.07           7           0
         5.2           7           0
        5.33           7           0
        5.46           7           0
        5.59           7           0
        5.72           7           0
        5.85           7           0
        5.98           7           0
        6.11           7           0
        6.24           7           0
        6.37           7           0
         6.5           7           0
        6.63           7           0
        6.76           7           0
        6.89           7           0
        7.02           7           0
        7.15           7           0
        7.28           7           0
        7.41           7           0
        7.54           7           0
        7.67           7           0
           0           8  0.00345442
        0.13           8   0.0293091
        0.26           8   0.0762821
        0.39           8     0.15089
        0.52           8    0.208155
        0.65           8    0.290634
        0.78           8    0.375285
        0.91           8    0.428098
        1.04           8     0.49886
        1.17           8    0.544729
         1.3           8     0.56015
        1.43           8    0.549537
        1.56           8    0.566809
        1.69           8    0.527137
        1.82           8    0.485826
        1.95           8    0.466916
        2.08           8    0.391061
        2.21           8    0.324644
        2.34           8    0.272044
        2.47           8    0.202849
         2.6           8    0.177279
        2.73           8    0.137856
        2.86           8   0.0990741
        2.99           8   0.0915954
        3.12           8   0.0785969
        3.25           8   0.0579772
        3.38           8   0.0357194
        3.51           8   0.0241097
        3.64           8    0.012037
        3.77           8  0.00997151
         3.9           8  0.00619658
        4.03           8  0.00541311
        4.16           8  0.00281339
        4.29           8 0.000997151
        4.42           8           0
        4.55           8           0
        4.68           8           0
        4.81           8           0
        4.94           8           0
        5.07           8           0
         5.2           8           0
        5.33           8           0
        5.46           8           0
        5.59           8           0
        5.72           8           0
        5.85           8           0
        5.98           8           0
        6.11           8           0
        6.24           8           0
        6.37           8           0
         6.5           8           0
        6.63           8           0
        6.76           8           0
        6.89           8           0
        7.02           8           0
        7.15           8           0
        7.28           8           0
        7.41           8           0
        7.54           8           0
        7.67           8           0
           0           9  0.00302707
        0.13           9   0.0190527
        0.26           9   0.0719729
        0.39           9    0.140563
        0.52           9    0.203561
        0.65           9    0.298362
        0.78           9    0.356909
        0.91           9    0.419231
        1.04           9    0.482443
        1.17           9    0.506517
         1.3           9    0.536859
        1.43           9    0.579095
        1.56           9    0.541987
        1.69           9    0.530662
        1.82           9    0.511823
        1.95           9    0.448041
        2.08           9    0.411289
        2.21           9    0.359758
        2.34           9    0.285613
        2.47           9    0.253312
         2.6           9    0.199217
        2.73           9    0.149145
        2.86           9    0.106838
        2.99           9   0.0782764
        3.12           9   0.0609687
        3.25           9   0.0412749
        3.38           9    0.028953
        3.51           9   0.0225783
        3.64           9   0.0146011
        3.77           9   0.0104345
         3.9           9  0.00605413
        4.03           9  0.00210114
        4.16           9  0.00185185
        4.29           9  0.00124644
        4.42           9  0.00103276
        4.55           9  0.00213675
        4.68           9 0.000605413
        4.81           9 0.000213675
        4.94           9 0.000178063
        5.07           9   0.0002849
         5.2           9 0.000356125
        5.33           9   0.0025641
        5.46           9  0.00131766
        5.59           9           0
        5.72           9           0
        5.85           9           0
        5.98           9           0
        6.11           9           0
        6.24           9           0
        6.37           9           0
         6.5           9           0
        6.63           9           0
        6.76           9           0
        6.89           9           0
        7.02           9           0
        7.15           9           0
        7.28           9           0
        7.41           9           0
        7.54           9           0
        7.67           9           0
           0          10  0.00430912
        0.13          10   0.0237536
        0.26          10   0.0527066
        0.39          10    0.114459
        0.52          10    0.190598
        0.65          10    0.263853
        0.78          10    0.363746
        0.91          10    0.423718
        1.04          10    0.510399
        1.17          10    0.534295
         1.3          10    0.550392
        1.43          10    0.538355
        1.56          10    0.558654
        1.69          10    0.533832
        1.82          10    0.526389
        1.95          10    0.505164
        2.08          10    0.414138
        2.21          10    0.305377
        2.34          10    0.265776
        2.47          10    0.234615
         2.6          10    0.213711
        2.73          10    0.151781
        2.86          10    0.126816
        2.99          10   0.0792735
        3.12          10   0.0672721
        3.25          10   0.0446937
        3.38          10   0.0320869
        3.51          10   0.0189103
        3.64          10   0.0144231
        3.77          10  0.00961538
         3.9          10  0.00608974
        4.03          10  0.00651709
        4.16          10  0.00491453
        4.29          10  0.00167379
        4.42          10           0
        4.55          10           0
        4.68          10           0
        4.81          10           0
        4.94          10           0
        5.07          10           0
         5.2          10           0
        5.33          10           0
        5.46          10           0
        5.59          10           0
        5.72          10           0
        5.85          10           0
        5.98          10           0
        6.11          10           0
        6.24          10           0
        6.37          10           0
         6.5          10           0
        6.63          10           0
        6.76          10           0
        6.89          10           0
        7.02          10           0
        7.15          10           0
        7.28          10           0
        7.41          10           0
        7.54          10           0
        7.67          10           0
           0          11  0.00416667
        0.13          11    0.027208
        0.26          11   0.0764245
        0.39          11    0.125107
        0.52          11    0.213568
        0.65          11    0.280306
        0.78          11    0.379986
        0.91          11    0.417521
        1.04          11    0.490705
        1.17          11     0.50641
         1.3          11    0.527813
        1.43          11    0.560363
        1.56          11    0.576068
        1.69          11    0.557514
        1.82          11    0.479024
        1.95          11    0.491987
        2.08          11     0.40203
        2.21          11    0.328454
        2.34          11    0.280591
        2.47          11    0.250142
         2.6          11    0.182229
        2.73          11     0.14943
        2.86          11    0.106944
        2.99          11   0.0825855
        3.12          11    0.060933
        3.25          11   0.0455484
        3.38          11   0.0320157
        3.51          11   0.0217949
        3.64          11   0.0137464
        3.77          11  0.00854701
         3.9          11  0.00334758
        4.03          11  0.00409544
        4.16          11   0.0019943
        4.29          11  0.00213675
        4.42          11 0.000641026
        4.55          11 0.000925926
        4.68          11           0
        4.81          11           0
        4.94          11           0
        5.07          11           0
         5.2          11           0
        5.33          11           0
        5.46          11           0
        5.59          11           0
        5.72          11           0
        5.85          11           0
        5.98          11           0
        6.11          11           0
        6.24          11           0
        6.37          11           0
         6.5          11           0
        6.63          11           0
        6.76          11           0
        6.89          11           0
        7.02          11           0
        7.15          11           0
        7.28          11           0
        7.41          11           0
        7.54          11           0
        7.67          11           0
           0          12  0.00206553
        0.13          12   0.0235399
        0.26          12   0.0647436
        0.39          12    0.123754
        0.52          12    0.215349
        0.65          12    0.272899
        0.78          12    0.353811
        0.91          12    0.417058
        1.04          12    0.506731
        1.17          12    0.552386
         1.3          12    0.559615
        1.43          12    0.543839
        1.56          12    0.538283
        1.69          12    0.504416
        1.82          12    0.491524
        1.95          12    0.454452
        2.08          12    0.449537
        2.21          12    0.357301
        2.34          12      0.3026
        2.47          12    0.237785
         2.6          12     0.20235
        2.73          12    0.149858
        2.86          12    0.094765
        2.99          12   0.0752137
        3.12          12   0.0540598
        3.25          12   0.0528134
        3.38          12   0.0271724
        3.51          12   0.0192664
        3.64          12   0.0189103
        3.77          12   0.0118234
         3.9          12   0.0082265
        4.03          12  0.00452279
        4.16          12  0.00117521
        4.29          12 0.000462963
        4.42          12           0
        4.55          12           0
        4.68          12           0
        4.81          12           0
        4.94          12           0
        5.07          12           0
         5.2          12           0
        5.33          12           0
        5.46          12           0
        5.59          12           0
        5.72          12           0
        5.85          12           0
        5.98          12           0
        6.11          12           0
        6.24          12           0
        6.37          12           0
         6.5          12           0
        6.63          12           0
        6.76          12           0
        6.89          12           0
        7.02          12           0
        7.15          12           0
        7.28          12           0
        7.41          12           0
        7.54          12           0
        7.67          12           0
           0          13    0.010755
        0.13          13   0.0396368
        0.26          13   0.0693376
        0.39          13    0.130449
        0.52          13    0.212108
        0.65          13    0.275463
        0.78          13    0.342699
        0.91          13    0.422614
        1.04          13    0.469872
        1.17          13    0.513782
         1.3          13    0.558191
        1.43          13    0.585114
        1.56          13    0.573433
        1.69          13    0.521937
        1.82          13    0.470477
        1.95          13     0.45552
        2.08          13    0.401567
        2.21          13     0.34911
        2.34          13    0.295869
        2.47          13    0.235862
         2.6          13     0.19391
        2.73          13    0.150712
        2.86          13    0.105876
        2.99          13   0.0728989
        3.12          13   0.0626068
        3.25          13   0.0537393
        3.38          13   0.0404558
        3.51          13   0.0236823
        3.64          13   0.0137108
        3.77          13   0.0167379
         3.9          13   0.0112892
        4.03          13   0.0045584
        4.16          13  0.00299145
        4.29          13  0.00270655
        4.42          13  0.00263533
        4.55          13           0
        4.68          13           0
        4.81          13           0
        4.94          13           0
        5.07          13           0
         5.2          13           0
        5.33          13           0
        5.46          13           0
        5.59          13           0
        5.72          13           0
        5.85          13           0
        5.98          13           0
        6.11          13           0
        6.24          13           0
        6.37          13           0
         6.5          13           0
        6.63          13           0
        6.76          13           0
        6.89          13           0
        7.02          13           0
        7.15          13           0
        7.28          13           0
        7.41          13           0
        7.54          13           0
        7.67          13           0
           0          14  0.00402422
        0.13          14   0.0285613
        0.26          14   0.0656339
        0.39          14    0.126318
        0.52          14    0.193946
        0.65          14    0.269658
        0.78          14    0.371225
        0.91          14    0.437358
        1.04          14    0.513853
        1.17          14    0.538568
         1.3          14    0.541026
        1.43          14     0.60787
        1.56          14    0.577742
        1.69          14    0.566168
        1.82          14    0.491916
        1.95          14     0.42037
        2.08          14    0.382942
        2.21          14    0.312358
        2.34          14    0.300819
        2.47          14    0.251282
         2.6          14    0.192272
        2.73          14    0.143625
        2.86          14    0.102137
        2.99          14   0.0834046
        3.12          14   0.0615385
        3.25          14   0.0358618
        3.38          14   0.0237536
        3.51          14   0.0127849
        3.64          14  0.00968661
        3.77          14  0.00819088
         3.9          14  0.00747863
        4.03          14  0.00249288
        4.16          14  0.00231481
        4.29          14  0.00252849
        4.42          14   0.0019943
        4.55          14 0.000605413
        4.68          14           0
        4.81          14           0
        4.94          14           0
        5.07          14           0
         5.2          14           0
        5.33          14           0
        5.46          14           0
        5.59          14           0
        5.72          14           0
        5.85          14           0
        5.98          14           0
        6.11          14           0
        6.24          14           0
        6.37          14           0
         6.5          14           0
        6.63          14           0
        6.76          14           0
        6.89          14           0
        7.02          14           0
        7.15          14           0
        7.28          14           0
        7.41          14           0
        7.54          14           0
        7.67          14           0
           0          15  0.00327635
        0.13          15   0.0411681
        0.26          15   0.0888177
        0.39          15    0.149181
        0.52          15    0.205805
        0.65          15     0.30698
        0.78          15    0.385577
        0.91          15    0.431019
        1.04          15    0.475214
        1.17          15    0.524893
         1.3          15    0.516061
        1.43          15    0.508226
        1.56          15    0.519729
        1.69          15    0.562607
        1.82          15    0.506517
        1.95          15    0.444266
        2.08          15     0.39391
        2.21          15    0.335541
        2.34          15    0.268803
        2.47          15    0.218198
         2.6          15    0.182372
        2.73          15    0.139067
        2.86          15    0.109473
        2.99          15   0.0922365
        3.12          15   0.0817308
        3.25          15   0.0643875
        3.38          15   0.0521011
        3.51          15   0.0336538
        3.64          15   0.0193376
        3.77          15   0.0130698
         3.9          15  0.00580484
        4.03          15  0.00701567
        4.16          15  0.00160256
        4.29          15  0.00124644
        4.42          15 0.000712251
        4.55          15 0.000783476
        4.68          15  0.00121083
        4.81          15 0.000712251
        4.94          15           0
        5.07          15           0
         5.2          15           0
        5.33          15           0
        5.46          15           0
        5.59          15           0
        5.72          15           0
        5.85          15           0
        5.98          15           0
        6.11          15           0
        6.24          15           0
        6.37          15           0
         6.5          15           0
        6.63          15           0
        6.76          15           0
        6.89          15           0
        7.02          15           0
        7.15          15           0
        7.28          15           0
        7.41          15           0
        7.54          15           0
        7.67          15           0
           0          16  0.00534188
        0.13          16   0.0316595
        0.26          16   0.0847222
        0.39          16     0.14651
        0.52          16    0.210541
        0.65          16    0.303775
        0.78          16    0.381838
        0.91          16    0.463711
        1.04          16    0.486752
        1.17          16    0.508155
         1.3          16    0.548967
        1.43          16    0.571047
        1.56          16    0.555306
        1.69          16    0.546902
        1.82          16    0.464209
        1.95          16     0.41015
        2.08          16    0.352564
        2.21          16     0.32183
        2.34          16    0.287749
        2.47          16    0.238818
         2.6          16    0.184722
        2.73          16    0.138746
        2.86          16    0.111325
        2.99          16   0.0880698
        3.12          16   0.0715456
        3.25          16   0.0424501
        3.38          16   0.0367165
        3.51          16   0.0277066
        3.64          16   0.0263889
        3.77          16   0.0167379
         3.9          16  0.00726496
        4.03          16  0.00626781
        4.16          16  0.00495014
        4.29          16  0.00416667
        4.42          16   0.0014245
        4.55          16 0.000925926
        4.68          16  0.00188746
        4.81          16 0.000462963
        4.94          16           0
        5.07          16           0
         5.2          16           0
        5.33          16           0
        5.46          16           0
        5.59          16           0
        5.72          16           0
        5.85          16           0
        5.98          16           0
        6.11          16           0
        6.24          16           0
        6.37          16           0
         6.5          16           0
        6.63          16           0
        6.76          16           0
        6.89          16           0
        7.02          16           0
        7.15          16           0
        7.28          16           0
        7.41          16           0
        7.54          16           0
        7.67          16           0
           0          17  0.00441595
        0.13          17   0.0350071
        0.26          17       0.075
        0.39          17    0.139672
        0.52          17    0.207692
        0.65          17    0.269979
        0.78          17    0.348113
        0.91          17    0.445085
        1.04          17     0.49099
        1.17          17    0.573041
         1.3          17    0.565456
        1.43          17    0.579202
        1.56          17    0.539245
        1.69          17    0.512571
        1.82          17    0.480912
        1.95          17    0.431303
        2.08          17    0.384722
        2.21          17    0.322472
        2.34          17    0.275677
        2.47          17    0.231588
         2.6          17    0.171118
        2.73          17    0.159615
        2.86          17    0.129665
        2.99          17   0.0876068
        3.12          17   0.0639957
        3.25          17    0.043839
        3.38          17   0.0304131
        3.51          17   0.0285613
        3.64          17   0.0258903
        3.77          17   0.0115741
         3.9          17   0.0110399
        4.03          17  0.00844017
        4.16          17  0.00316952
        4.29          17  0.00373932
        4.42          17  0.00106838
        4.55          17  0.00042735
        4.68          17           0
        4.81          17           0
        4.94          17           0
        5.07          17           0
         5.2          17           0
        5.33          17           0
        5.46          17           0
        5.59          17           0
        5.72          17           0
        5.85          17           0
        5.98          17           0
        6.11          17           0
        6.24          17           0
        6.37          17           0
         6.5          17           0
        6.63          17           0
        6.76          17           0
        6.89          17           0
        7.02          17           0
        7.15          17           0
        7.28          17           0
        7.41          17           0
        7.54          17           0
        7.67          17           0
           0          18  0.00316952
        0.13          18   0.0192664
        0.26          18   0.0518519
        0.39          18    0.128989
        0.52          18    0.206197
        0.65          18     0.26307
        0.78          18    0.356481
        0.91          18    0.438996
        1.04          18    0.481873
        1.17          18    0.521724
         1.3          18    0.578027
        1.43          18     0.58141
        1.56          18    0.566667
        1.69          18    0.524288
        1.82          18    0.517842
        1.95          18    0.460506
        2.08          18    0.389352
        2.21          18    0.344872
        2.34          18    0.301425
        2.47          18    0.236823
         2.6          18    0.188604
        2.73          18    0.152885
        2.86          18    0.104095
        2.99          18   0.0760328
        3.12          18   0.0598291
        3.25          18   0.0450855
        3.38          18   0.0312322
        3.51          18    0.026567
        3.64          18   0.0127493
        3.77          18  0.00776353
         3.9          18  0.00416667
        4.03          18  0.00302707
        4.16          18  0.00324074
        4.29          18  0.00124644
        4.42          18 0.000819088
        4.55          18  0.00103276
        4.68          18  0.00110399
        4.81          18           0
        4.94          18           0
        5.07          18           0
         5.2          18           0
        5.33          18           0
        5.46          18           0
        5.59          18           0
        5.72          18           0
        5.85          18           0
        5.98          18           0
        6.11          18           0
        6.24          18           0
        6.37          18           0
         6.5          18           0
        6.63          18           0
        6.76          18           0
        6.89          18           0
        7.02          18           0
        7.15          18           0
        7.28          18           0
        7.41          18           0
        7.54          18           0
        7.67          18           0
           0          19  0.00594729
        0.13          19   0.0286325
        0.26          19   0.0737536
        0.39          19    0.140278
        0.52          19    0.240278
        0.65          19    0.305484
        0.78          19    0.369302
        0.91          19    0.430484
        1.04          19    0.484046
        1.17          19     0.52443
         1.3          19     0.51713
        1.43          19      0.5349
        1.56          19    0.523504
        1.69          19    0.486147
        1.82          19    0.453098
        1.95          19    0.438889
        2.08          19    0.397543
        2.21          19    0.364957
        2.34          19    0.314423
        2.47          19    0.244516
         2.6          19    0.202457
        2.73          19    0.148611
        2.86          19    0.117913
        2.99          19   0.0989672
        3.12          19   0.0703348
        3.25          19   0.0483262
        3.38          19   0.0405627
        3.51          19   0.0324074
        3.64          19   0.0217949
        3.77          19   0.0160256
         3.9          19   0.0079416
        4.03          19  0.00366809
        4.16          19  0.00281339
        4.29          19  0.00128205
        4.42          19 0.000249288
        4.55          19 0.000391738
        4.68          19 0.000819088
        4.81          19           0
        4.94          19           0
        5.07          19           0
         5.2          19           0
        5.33          19           0
        5.46          19           0
        5.59          19           0
        5.72          19           0
        5.85          19           0
        5.98          19           0
        6.11          19           0
        6.24          19           0
        6.37          19           0
         6.5          19           0
        6.63          19           0
        6.76          19           0
        6.89          19           0
        7.02          19           0
        7.15          19           0
        7.28          19           0
        7.41          19           0
        7.54          19           0
        7.67          19           0
           0          20  0.00352564
        0.13          20   0.0288818
        0.26          20   0.0720442
        0.39          20    0.131766
        0.52          20    0.197044
        0.65          20    0.280377
        0.78          20    0.333369
        0.91          20    0.407692
        1.04          20    0.464387
        1.17          20    0.550712
         1.3          20     0.55609
        1.43          20    0.565812
        1.56          20    0.542236
        1.69          20    0.542664
        1.82          20    0.506375
        1.95          20    0.428312
        2.08          20    0.368519
        2.21          20    0.362358
        2.34          20    0.307123
        2.47          20    0.247115
         2.6          20    0.200748
        2.73          20    0.155698
        2.86          20    0.134188
        2.99          20    0.101033
        3.12          20   0.0630698
        3.25          20   0.0475427
        3.38          20   0.0371083
        3.51          20   0.0206909
        3.64          20   0.0117521
        3.77          20  0.00658832
         3.9          20  0.00566239
        4.03          20  0.00544872
        4.16          20  0.00270655
        4.29          20  0.00292023
        4.42          20 0.000747863
        4.55          20           0
        4.68          20           0
        4.81          20           0
        4.94          20           0
        5.07          20           0
         5.2          20           0
        5.33          20           0
        5.46          20           0
        5.59          20           0
        5.72          20           0
        5.85          20           0
        5.98          20           0
        6.11          20           0
        6.24          20           0
        6.37          20           0
         6.5          20           0
        6.63          20           0
        6.76          20           0
        6.89          20           0
        7.02          20           0
        7.15          20           0
        7.28          20           0
        7.41          20           0
        7.54          20           0
        7.67          20           0
